{"class":"TSStatic","persistentId":"0079a016-e699-44e9-b526-6b34fef2b639","__parent":"rochers","position":[879.750977,722.145996,-181.602005],"allowPlayerStep":"1","isRenderEnabled":false,"rotationMatrix":[-0.647833586,0.75813216,-0.0744839907,0.748271644,0.651627541,0.12438333,0.142834812,0.0248454213,-0.989434958],"scale":[1.14263999,1.91988003,1.57518005],"shapeName":"/levels/atoll/art/shapes/rocks/DRI_rock_c.dae"}
{"class":"TSStatic","persistentId":"015d1137-0cd2-47f0-bb6e-c88158d16c60","__parent":"rochers","position":[826.489014,1026.87,-393.388],"allowPlayerStep":"1","isRenderEnabled":false,"rotationMatrix":[-0.161668301,0.636901259,-0.753804028,0.029450655,0.766625762,0.641418457,0.98640579,0.0814968944,-0.142696261],"scale":[1.94623995,1.94000995,2.00560999],"shapeName":"/levels/atoll/art/shapes/rocks/DRI_rock_c.dae"}
{"class":"TSStatic","persistentId":"02b952a1-7393-4b4d-97d9-43b832aa1e43","__parent":"rochers","position":[667.22699,699.812988,-288.632996],"allowPlayerStep":"1","isRenderEnabled":false,"rotationMatrix":[0.846874833,-0.531654119,-0.0121183991,0.506942272,0.813976467,-0.283640385,0.160662666,0.234064579,0.958854139],"scale":[1.79560006,1.39388001,2.31491995],"shapeName":"/levels/atoll/art/shapes/rocks/DRI_rock_c.dae"}
{"class":"TSStatic","persistentId":"02ba21db-7083-48f7-a7d3-4b9bb97fde72","__parent":"rochers","position":[855.455017,813.684998,-228.973007],"allowPlayerStep":"1","isRenderEnabled":false,"rotationMatrix":[-0.301378727,0.909115553,-0.287541568,-0.683416486,-0.416246176,-0.599734426,-0.66491586,0.0157635212,0.746751964],"scale":[2.34116006,2.82517004,1.47852004],"shapeName":"/levels/atoll/art/shapes/rocks/DRI_rock_c.dae"}
{"class":"TSStatic","persistentId":"0333a117-2f6c-4c7c-8301-3816e5f28ad9","__parent":"rochers","position":[1104.78003,399.927002,-390.477997],"allowPlayerStep":"1","isRenderEnabled":false,"rotationMatrix":[0.302269101,0.939311802,0.162255406,-0.544279635,0.0303320289,0.838355362,0.782555461,-0.341721237,0.520416677],"scale":[1.99733996,1.91226006,0.888283014],"shapeName":"/levels/atoll/art/shapes/rocks/DRI_rock_d.dae"}
{"class":"TSStatic","persistentId":"03b4d673-68ca-47be-93ff-41e346eb65ec","__parent":"rochers","position":[1124.77002,461.80899,-384.122009],"allowPlayerStep":"1","isRenderEnabled":false,"rotationMatrix":[-0.247719526,-0.950021803,-0.189982995,0.841813147,-0.113997102,-0.527593791,0.479568124,-0.290625483,0.82798022],"scale":[1.26654005,1.43387997,1.43387997],"shapeName":"/levels/atoll/art/shapes/rocks/DRI_rock_d.dae"}
{"class":"TSStatic","persistentId":"03bb2585-ed10-411b-9f5c-0496170afacc","__parent":"rochers","position":[1137.15002,534.872986,-392.420013],"allowPlayerStep":"1","isRenderEnabled":false,"rotationMatrix":[-0.0791630745,-0.995708883,0.0479265451,0.492469966,-0.0808639526,-0.866564631,0.86672169,-0.0449976027,0.496758223],"scale":[1.55420995,2.21263003,1.07071996],"shapeName":"/levels/atoll/art/shapes/rocks/DRI_rock_d.dae"}
{"class":"TSStatic","persistentId":"044f9e4b-46d6-4abc-9eb2-2efe01a36b34","__parent":"rochers","position":[768.69397,1006.90002,-383.778992],"allowPlayerStep":"1","isRenderEnabled":false,"rotationMatrix":[0.977905989,0.0966022909,0.185385808,-0.0747297108,0.989767194,-0.121558115,-0.195231572,0.105018571,0.975118339],"scale":[1.69797003,2.18834996,2.02022004],"shapeName":"/levels/atoll/art/shapes/rocks/DRI_rock_d.dae"}
{"class":"TSStatic","persistentId":"04e60f41-db84-4324-810f-826d47d85ce3","__parent":"rochers","position":[858.924011,806.398987,-228.522995],"allowPlayerStep":"1","isRenderEnabled":false,"rotationMatrix":[0.370781779,-0.886935532,0.275438517,-0.926465094,-0.332585454,0.176209167,-0.0646793619,-0.320519328,-0.945031404],"scale":[2.34116006,1.00994003,2.1735301],"shapeName":"/levels/atoll/art/shapes/rocks/DRI_rock_c.dae"}
{"class":"TSStatic","persistentId":"053596b2-8c44-419b-a3d3-c2df1b6507a4","__parent":"rochers","position":[711.031982,989.567017,-392.069],"allowPlayerStep":"1","isRenderEnabled":false,"rotationMatrix":[-0.682836771,-0.725518227,-0.0857771337,-0.113816053,-0.0103338957,0.993448198,-0.721651077,0.688125551,-0.0755194426],"scale":[1,1.53995001,1.28313005],"shapeName":"/levels/atoll/art/shapes/rocks/DRI_rock_b.dae"}
{"class":"TSStatic","persistentId":"080e8e03-600d-4139-9602-fcefbc23d240","__parent":"rochers","position":[1082.93994,361.507996,-391.321014],"allowPlayerStep":"1","isRenderEnabled":false,"rotationMatrix":[0.504323781,0.761226416,-0.407666326,-0.0561896265,0.5000301,0.864183187,0.861684561,-0.412921548,0.294950128],"scale":[1.83858001,1.74296999,0.842002988],"shapeName":"/levels/atoll/art/shapes/rocks/DRI_rock_f.dae"}
{"class":"TSStatic","persistentId":"08b64e4a-08cd-4a75-b9c5-f9ddb335717f","__parent":"rochers","position":[1126.82996,484.911011,-379.532013],"allowPlayerStep":"1","isRenderEnabled":false,"rotationMatrix":[0.0770668387,-0.990842998,-0.110864669,0.677789867,0.133615196,-0.723013103,0.731205583,-0.0194225907,0.681880593],"shapeName":"/levels/atoll/art/shapes/rocks/DRI_rock_c.dae"}
{"class":"TSStatic","persistentId":"0921ef90-e7e0-4c27-8dce-1cf15f4f328d","__parent":"rochers","position":[783.393005,1008.77002,-381.394012],"allowPlayerStep":"1","isRenderEnabled":false,"rotationMatrix":[0.107222497,0.108854368,-0.988258004,-0.361755073,0.930128336,0.0632023662,0.926086664,0.350730658,0.139109313],"scale":[1.69797003,2.18834996,2.02022004],"shapeName":"/levels/atoll/art/shapes/rocks/DRI_rock_d.dae"}
{"class":"TSStatic","persistentId":"098705c1-ce75-4391-bdf8-d34f670ed991","__parent":"rochers","position":[849.70697,1004.27002,-380.84201],"allowPlayerStep":"1","isRenderEnabled":false,"rotationMatrix":[-0.9534266,0.183088303,0.23970069,0.0887549818,-0.589216948,0.803085327,0.288271219,0.786957502,0.545525074],"scale":[1.90824997,1.58942997,1.01969004],"shapeName":"/levels/atoll/art/shapes/rocks/DRI_rock_d.dae"}
{"class":"TSStatic","persistentId":"0ad9f654-44b8-4192-97aa-37f3edae2e2c","__parent":"rochers","position":[761.372009,1025.53003,-392.855988],"allowPlayerStep":"1","isRenderEnabled":false,"rotationMatrix":[-0.0399391651,0.545287192,-0.83729738,-0.0997254252,0.831606627,0.546338081,0.994213164,0.105320141,0.0211652517],"scale":[1.82665002,1.48975003,2.01052999],"shapeName":"/levels/atoll/art/shapes/rocks/DRI_rock_c.dae"}
{"class":"TSStatic","persistentId":"0da0c34d-2d30-4f3e-8a58-7deacc01cbdd","__parent":"rochers","position":[664.539978,705.086975,-284.540009],"allowPlayerStep":"1","isRenderEnabled":false,"rotationMatrix":[-0.0497996807,0.996447325,-0.0679175258,0.109932095,0.0730574131,0.991250515,0.992690742,0.0418976545,-0.113179803],"scale":[2.34116006,1.00994003,3.54150009],"shapeName":"/levels/atoll/art/shapes/rocks/DRI_rock_c.dae"}
{"class":"TSStatic","persistentId":"0ec7f645-9e6d-426d-805b-e01c109cec45","__parent":"rochers","position":[620.700989,720.505005,-279.90799],"allowPlayerStep":"1","isRenderEnabled":false,"rotationMatrix":[-0.659013629,0.718087912,0.223721325,-0.197929949,-0.452541113,0.86950016,0.725620508,0.528731108,0.440361619],"scale":[1.43844998,2.33990002,1],"shapeName":"/levels/atoll/art/shapes/rocks/DRI_rock_f.dae"}
{"class":"TSStatic","persistentId":"10df14fc-3a07-428a-8f5a-9a35fb9047f6","__parent":"rochers","position":[805.557983,1035.14001,-385.468994],"allowPlayerStep":"1","isRenderEnabled":false,"rotationMatrix":[0.945951521,-0.322096139,-0.0378126614,0.323336154,0.92766422,0.186796322,-0.0250889175,-0.188926473,0.981670678],"scale":[1.56316996,1.48975003,1.57152998],"shapeName":"/levels/atoll/art/shapes/rocks/DRI_rock_c.dae"}
{"class":"TSStatic","persistentId":"1224c4b8-6101-4458-8c0f-eaa051147060","__parent":"rochers","position":[776.213013,1024.09998,-393.277008],"allowPlayerStep":"1","isRenderEnabled":false,"rotationMatrix":[0.919409752,0.285971224,0.270011485,-0.292065144,0.956224442,-0.0182403978,-0.263407826,-0.0620905384,0.962684333],"scale":[1.56316996,1.48975003,1.57152998],"shapeName":"/levels/atoll/art/shapes/rocks/DRI_rock_c.dae"}
{"class":"TSStatic","persistentId":"1308b9d2-e1d3-4dba-b4c0-59fb545336d1","__parent":"rochers","position":[509.412994,849.291992,-388.347992],"allowPlayerStep":"1","isRenderEnabled":false,"rotationMatrix":[0.855569065,0.482408106,-0.187840268,-0.393077075,0.841475546,0.370687604,0.336885691,-0.243313134,0.909564018],"scale":[1.69797003,1.42107999,1.81787002],"shapeName":"/levels/atoll/art/shapes/rocks/DRI_rock_d.dae"}
{"class":"TSStatic","persistentId":"131e0e10-4b27-4859-b5e2-36b4fcce9b19","__parent":"rochers","position":[883.937012,705.370972,-189.307999],"allowPlayerStep":"1","isRenderEnabled":false,"rotationMatrix":[0.183952212,0.030659467,-0.982456982,0.946452618,-0.275308967,0.168619424,-0.265309393,-0.960866928,-0.0796614885],"scale":[1.93192995,1.91988003,1.79933],"shapeName":"/levels/atoll/art/shapes/rocks/DRI_rock_c.dae"}
{"class":"TSStatic","persistentId":"13815356-9150-4d74-9bbb-71c87fd35d47","__parent":"rochers","position":[785.695007,1047.42004,-411.940002],"allowPlayerStep":"1","isRenderEnabled":false,"rotationMatrix":[0.151554942,-0.465602875,0.871920466,-0.598672509,0.658671558,0.455788434,-0.786525607,-0.591071784,-0.178918719],"scale":[1.82665002,1.48975003,2.01052999],"shapeName":"/levels/atoll/art/shapes/rocks/DRI_rock_c.dae"}
{"class":"TSStatic","persistentId":"13c6c18f-ce4a-46bd-9fd2-730e89b9d793","__parent":"rochers","position":[873.984009,643.677002,-220.242004],"allowPlayerStep":"1","isRenderEnabled":false,"rotationMatrix":[0.541774154,-0.803617954,0.246331051,-0.833932996,-0.477293849,0.277031302,-0.105055019,-0.355511963,-0.928748965],"scale":[2.34116006,1.00994003,3.54150009],"shapeName":"/levels/atoll/art/shapes/rocks/DRI_rock_c.dae"}
{"class":"TSStatic","persistentId":"13e59227-6867-4710-b09b-86168cade2dd","__parent":"rochers","position":[859.078979,594.489014,-274.825989],"allowPlayerStep":"1","isRenderEnabled":false,"rotationMatrix":[-0.190387607,-0.945498288,-0.264169872,0.975829899,-0.211672664,0.054321982,-0.107278846,-0.247442633,0.962945163],"scale":[1.16661,1.26129997,0.850139022],"shapeName":"/levels/atoll/art/shapes/rocks/DRI_rock_f.dae"}
{"class":"TSStatic","persistentId":"146e53ef-d5d1-4c95-8ac0-e6baf02fad17","__parent":"rochers","position":[815.567993,1008.44,-377.337006],"allowPlayerStep":"1","isRenderEnabled":false,"rotationMatrix":[0.995229423,0.0400576219,-0.0889596492,-0.09279228,0.107017934,-0.989917636,-0.0301334579,0.993449926,0.110224426],"scale":[1.66736996,1.53357995,2.37943006],"shapeName":"/levels/atoll/art/shapes/rocks/DRI_rock_d.dae"}
{"class":"TSStatic","persistentId":"148a3a27-8603-4765-a1bd-03439bb02a3c","__parent":"rochers","position":[711.846008,672.01001,-278.550995],"allowPlayerStep":"1","isRenderEnabled":false,"rotationMatrix":[0.98042649,-0.146043569,-0.132042482,-0.141604871,-0.0570985079,-0.98827523,0.13679181,0.987628996,-0.0766613483],"scale":[2.34116006,1.61105001,1.93904996],"shapeName":"/levels/atoll/art/shapes/rocks/DRI_rock_c.dae"}
{"class":"TSStatic","persistentId":"14e36145-5580-4c50-bebb-eee441a47eaa","__parent":"rochers","position":[1125.51001,500.561005,-383.382996],"allowPlayerStep":"1","isRenderEnabled":false,"rotationMatrix":[0.0332067609,-0.99770987,-0.058926899,0.999444842,0.0329884291,0.00467390753,-0.00271929801,-0.0590493903,0.998251379],"scale":[2.01824999,1.61255002,2.01824999],"shapeName":"/levels/atoll/art/shapes/rocks/DRI_rock_e.dae"}
{"class":"TSStatic","persistentId":"1565d818-80b7-499b-9624-079febe6e6bb","__parent":"rochers","position":[1126.68005,617.468994,-388.473999],"allowPlayerStep":"1","isRenderEnabled":false,"rotationMatrix":[-0.144186497,0.98809123,0.0537217855,-0.135952622,-0.073554635,0.987981081,0.980166912,0.135149956,0.144939184],"scale":[1.55420995,1.97230995,1.48743999],"shapeName":"/levels/atoll/art/shapes/rocks/DRI_rock_d.dae"}
{"class":"TSStatic","persistentId":"15c2ef34-cb11-4a71-9d2f-845fe011f8c8","__parent":"rochers","position":[1123.66003,497.85199,-375.876007],"allowPlayerStep":"1","isRenderEnabled":false,"rotationMatrix":[0.112178504,-0.993621469,0.0115072429,0.898839235,0.106401622,0.425166667,-0.423679084,-0.0373513848,0.905041933],"scale":[1.36810005,1.69289005,1],"shapeName":"/levels/atoll/art/shapes/rocks/DRI_rock_b.dae"}
{"class":"TSStatic","persistentId":"181fadfd-9bc1-4553-88c8-43972a2f3b09","__parent":"rochers","position":[1114.71997,420.480011,-390.759003],"allowPlayerStep":"1","isRenderEnabled":false,"rotationMatrix":[0.887973666,-0.322577596,0.32779026,0.312577844,0.946141243,0.0843315274,-0.337339342,0.0275758002,0.940979123],"scale":[1,1.74296999,1.5553],"shapeName":"/levels/atoll/art/shapes/rocks/DRI_rock_f.dae"}
{"class":"TSStatic","persistentId":"193124f8-6897-43bd-96b6-5994421afb8c","__parent":"rochers","position":[754.538025,1026.05005,-395.483002],"allowPlayerStep":"1","isRenderEnabled":false,"rotationMatrix":[0.989224315,0.0900784358,0.11541722,-0.141027495,0.798007607,0.585913956,-0.0393256024,-0.595877349,0.802112043],"scale":[1.82665002,1.48975003,2.01052999],"shapeName":"/levels/atoll/art/shapes/rocks/DRI_rock_c.dae"}
{"class":"TSStatic","persistentId":"197421f0-9fc6-43d6-8c82-4655762e64a6","__parent":"rochers","position":[1121.09998,469.449005,-376.881989],"allowPlayerStep":"1","isRenderEnabled":false,"rotationMatrix":[0.0572317839,0.937376618,0.343583554,-0.00311949849,-0.343978167,0.938972592,0.998356104,-0.0548110008,-0.016762495],"scale":[1.74144006,1.37616003,1.22476006],"shapeName":"/levels/atoll/art/shapes/rocks/DRI_rock_g.dae"}
{"class":"TSStatic","persistentId":"1990c6da-6d38-49c5-bd8d-afc040b817fb","__parent":"rochers","position":[1139.43005,513.903015,-393.221985],"allowPlayerStep":"1","isRenderEnabled":false,"rotationMatrix":[-0.423591971,0.112051837,0.898896098,-0.184266478,-0.98223114,0.035606999,0.886913538,-0.150553584,0.436712682],"scale":[1.38300002,1.38300002,1],"shapeName":"/levels/atoll/art/shapes/rocks/DRI_rock_g.dae"}
{"class":"TSStatic","persistentId":"19adac00-be82-4f48-b445-8493e43a4af0","__parent":"rochers","position":[862.445007,729.406982,-200.529999],"allowPlayerStep":"1","isRenderEnabled":false,"rotationMatrix":[-0.28746295,-0.950601757,0.117137924,-0.952881873,0.296209991,0.0653888583,-0.0968561918,-0.0928217322,-0.990960598],"scale":[1.30878997,1.00994003,1.76638997],"shapeName":"/levels/atoll/art/shapes/rocks/DRI_rock_c.dae"}
{"class":"TSStatic","persistentId":"1b9a0978-9321-4711-997a-17164ff515c6","__parent":"rochers","position":[828.546997,1007.17999,-377.273987],"allowPlayerStep":"1","isRenderEnabled":false,"rotationMatrix":[0.851967633,-0.299087942,-0.429764479,-0.449426413,0.00339871645,-0.893310905,0.268639177,0.95421946,-0.131522417],"scale":[1.30176997,1.17967999,1.04141998],"shapeName":"/levels/atoll/art/shapes/rocks/DRI_rock_d.dae"}
{"class":"TSStatic","persistentId":"1c6c3dbe-9ada-4c9c-9aed-b03f5ee88f33","__parent":"rochers","position":[811.237,1015.70001,-373.406006],"allowPlayerStep":"1","isRenderEnabled":false,"rotationMatrix":[0.375055194,-0.858663499,0.349328786,-0.259992421,-0.459147692,-0.849462926,0.889796376,0.227772653,-0.395451665],"scale":[1.66736996,1.58067,2.49028993],"shapeName":"/levels/atoll/art/shapes/rocks/DRI_rock_d.dae"}
{"class":"TSStatic","persistentId":"1d470433-1c14-4296-a7ad-8b16f68568be","__parent":"rochers","position":[785.867004,1031.67004,-385.395996],"allowPlayerStep":"1","isRenderEnabled":false,"rotationMatrix":[-0.566986203,-0.799473345,0.198416829,-0.762869656,0.600501776,0.239640325,-0.310735703,-0.0154934451,-0.950370193],"scale":[1.56316996,1.48975003,1.57152998],"shapeName":"/levels/atoll/art/shapes/rocks/DRI_rock_c.dae"}
{"class":"TSStatic","persistentId":"1e1ba9ca-5760-4c9a-9d27-53bad3034be8","__parent":"rochers","position":[837.11499,754.093018,-254.957001],"allowPlayerStep":"1","isRenderEnabled":false,"rotationMatrix":[0.605629206,0.785083175,0.129837438,-0.795276165,0.60277158,0.0648249835,-0.0273693092,-0.142516524,0.989413977],"scale":[1.83443999,1.00994003,2.10529995],"shapeName":"/levels/atoll/art/shapes/rocks/DRI_rock_c.dae"}
{"class":"TSStatic","persistentId":"1eee31b7-9cb3-411e-935c-c4c3a48bcdcc","__parent":"rochers","position":[857.474976,639.801025,-239.005005],"allowPlayerStep":"1","isRenderEnabled":false,"rotationMatrix":[0.277925611,0.264850795,0.923369586,-0.209816426,-0.921293259,0.327408016,0.937408388,-0.284733176,-0.200481057],"scale":[1.37220001,1,1],"shapeName":"/levels/atoll/art/shapes/rocks/DRI_rock_c.dae"}
{"class":"TSStatic","persistentId":"20a40429-052e-49d1-9e59-4a156e0a83cd","__parent":"rochers","position":[712.148987,676.192993,-286.02301],"allowPlayerStep":"1","isRenderEnabled":false,"rotationMatrix":[-0.314080119,0.937473297,-0.149990946,0.00273770094,0.15887934,0.987294197,0.949392438,0.309678942,-0.0524673462],"scale":[2.34116006,1.00994003,3.54150009],"shapeName":"/levels/atoll/art/shapes/rocks/DRI_rock_c.dae"}
{"class":"TSStatic","persistentId":"20c5db5f-ffae-4866-a286-8d77f8020078","__parent":"rochers","position":[1128.08997,683.440979,-385.377014],"allowPlayerStep":"1","isRenderEnabled":false,"rotationMatrix":[-0.0215623379,0.999059796,0.0376127064,-0.173902601,-0.0407960415,0.983917534,0.984526873,0.0146745443,0.174618602],"scale":[1.66736996,1.9375,1.01969004],"shapeName":"/levels/atoll/art/shapes/rocks/DRI_rock_d.dae"}
{"class":"TSStatic","persistentId":"20ea2b16-821b-4caf-9b39-83b51e9e34cc","__parent":"rochers","position":[1123.59998,470.574005,-382.348999],"allowPlayerStep":"1","isRenderEnabled":false,"rotationMatrix":[0.097861588,0.993793845,0.0528874397,-0.272826672,-0.0243165493,0.961755991,0.957073092,-0.108548194,0.268753648],"scale":[1.74144006,1.62878001,1.22476006],"shapeName":"/levels/atoll/art/shapes/rocks/DRI_rock_g.dae"}
{"class":"TSStatic","persistentId":"21228888-d8f9-45bb-a6f1-69428b734b95","__parent":"rochers","position":[1122.41003,531.117004,-384.195007],"allowPlayerStep":"1","isRenderEnabled":false,"rotationMatrix":[0.177210569,-0.971402884,0.158028126,0.966655612,0.201958179,0.157447666,-0.18486017,0.124857396,0.974801183],"scale":[1.17136002,1.03900003,1.48895001],"shapeName":"/levels/atoll/art/shapes/rocks/DRI_rock_c.dae"}
{"class":"TSStatic","persistentId":"21292007-8012-4884-9fbe-2501ea4eccf9","__parent":"rochers","position":[1093.41003,373.954987,-392.292999],"allowPlayerStep":"1","isRenderEnabled":false,"rotationMatrix":[-0.28297472,-0.0215552449,-0.958885193,0.747459471,0.62152189,-0.234552711,0.601024032,-0.783100247,-0.159763336],"scale":[1.48275006,1.74296999,0.842002988],"shapeName":"/levels/atoll/art/shapes/rocks/DRI_rock_f.dae"}
{"class":"TSStatic","persistentId":"212e03e5-93e4-40c9-b754-102ee0d9e999","__parent":"rochers","position":[636.541992,716.075989,-285.901001],"allowPlayerStep":"1","isRenderEnabled":false,"rotationMatrix":[-0.680621147,0.727359831,0.0877654478,-0.683520257,-0.587296605,-0.433454752,-0.263733208,-0.355007887,0.896891415],"scale":[1.79560006,1.81532001,2.31491995],"shapeName":"/levels/atoll/art/shapes/rocks/DRI_rock_c.dae"}
{"class":"TSStatic","persistentId":"21d5865c-e9f2-4a48-8c69-3c0134ef9b03","__parent":"rochers","position":[869.382996,742.280029,-199.311005],"allowPlayerStep":"1","isRenderEnabled":false,"rotationMatrix":[-0.36008811,-0.378446758,-0.852710426,-0.206131384,-0.859158874,0.468355089,-0.909860909,0.34441933,0.2313627],"scale":[1.58058,1.77631998,0.474561989],"shapeName":"/levels/atoll/art/shapes/rocks/DRI_rock_f.dae"}
{"class":"TSStatic","persistentId":"23927baf-5f3f-49c8-968a-5aedfc96682e","__parent":"rochers","position":[680.357971,675.685974,-278.550995],"allowPlayerStep":"1","isRenderEnabled":false,"rotationMatrix":[0.98042649,-0.146043569,-0.132042482,-0.141604871,-0.0570985079,-0.98827523,0.13679181,0.987628996,-0.0766613483],"scale":[2.34116006,1.61105001,1.93904996],"shapeName":"/levels/atoll/art/shapes/rocks/DRI_rock_c.dae"}
{"class":"TSStatic","persistentId":"23d57f14-8cc7-49a6-bab9-58a749990075","__parent":"rochers","position":[787.627014,1042.90002,-402.253998],"allowPlayerStep":"1","isRenderEnabled":false,"rotationMatrix":[-0.0399397612,0.405579597,-0.913186789,-0.0997239053,0.907734931,0.407519847,0.994213343,0.10734275,0.00419121981],"scale":[1.82665002,1.48975003,2.01052999],"shapeName":"/levels/atoll/art/shapes/rocks/DRI_rock_c.dae"}
{"class":"TSStatic","persistentId":"2501cb42-de78-408a-9de6-8026cc72735d","__parent":"rochers","position":[755.164978,1026.33997,-396.113007],"allowPlayerStep":"1","isRenderEnabled":false,"rotationMatrix":[-0.947425246,-0.253893256,0.19473958,-0.138685867,0.874298394,0.46515429,-0.288360029,0.413691342,-0.863543749],"scale":[1.82665002,1.48975003,2.01052999],"shapeName":"/levels/atoll/art/shapes/rocks/DRI_rock_c.dae"}
{"class":"TSStatic","persistentId":"251b8b75-1fef-4b32-afd1-f888070c629b","__parent":"rochers","position":[842.666992,675.13501,-217.947006],"allowPlayerStep":"1","isRenderEnabled":false,"rotationMatrix":[0.772858441,-0.415614158,-0.479535878,0.631670415,0.431598961,0.643983483,-0.060681507,-0.800616741,0.596096158],"scale":[1.90287995,2.67271996,0.74990499],"shapeName":"/levels/atoll/art/shapes/rocks/DRI_rock_f.dae"}
{"class":"TSStatic","persistentId":"2568504c-428a-448a-923a-ecc55bc334a7","__parent":"rochers","position":[868.252014,665.234985,-215.294006],"allowPlayerStep":"1","isRenderEnabled":false,"rotationMatrix":[-0.855634689,0.473149627,-0.209807828,-0.515951216,-0.747579217,0.418234766,0.0410396904,0.466106594,0.883776248],"scale":[1.33192003,1.00994003,1.74287999],"shapeName":"/levels/atoll/art/shapes/rocks/DRI_rock_c.dae"}
{"class":"TSStatic","persistentId":"25de1e36-2acc-4e3c-94f4-4b2d9a834343","__parent":"rochers","position":[782.366028,1012.20001,-365.067993],"allowPlayerStep":"1","isRenderEnabled":false,"rotationMatrix":[0.0127948523,-0.651239991,0.758764088,-0.80347991,0.44498992,0.39547962,-0.595194519,-0.614711821,-0.517564654],"scale":[1.56316996,1.48975003,1.57152998],"shapeName":"/levels/atoll/art/shapes/rocks/DRI_rock_c.dae"}
{"class":"TSStatic","persistentId":"25f56d43-7ec9-4ecc-9e83-313172e9e2d1","__parent":"rochers","position":[688.116028,670.54303,-286.787994],"allowPlayerStep":"1","isRenderEnabled":false,"rotationMatrix":[0.993371129,-0.109688386,-0.0343838334,0.0840137154,0.896933496,-0.434110582,0.078456901,0.42834419,0.900203168],"scale":[2.34116006,1.22219002,1.93904996],"shapeName":"/levels/atoll/art/shapes/rocks/DRI_rock_c.dae"}
{"class":"TSStatic","persistentId":"2671dc87-59c4-4e79-9f09-d66c01258d8d","__parent":"rochers","position":[668.778992,681.95697,-287.290985],"allowPlayerStep":"1","isRenderEnabled":false,"rotationMatrix":[0.172217965,0.983174801,-0.0608963668,-0.0306721926,0.0671421289,0.997271895,0.984581232,-0.16988036,0.0417191982],"scale":[2.34116006,1.00994003,3.54150009],"shapeName":"/levels/atoll/art/shapes/rocks/DRI_rock_c.dae"}
{"class":"TSStatic","persistentId":"26bd2966-8fbd-47f8-98d7-11c83c371629","__parent":"rochers","position":[1127.20996,478.765015,-380.306],"allowPlayerStep":"1","isRenderEnabled":false,"rotationMatrix":[0.0684480667,-0.988352776,-0.135918319,0.444535613,0.152180552,-0.882739663,0.893142283,1.43051147e-06,0.449774384],"shapeName":"/levels/atoll/art/shapes/rocks/DRI_rock_c.dae"}
{"class":"TSStatic","persistentId":"27197c8f-36c4-4150-8a0b-8cf7689644d4","__parent":"rochers","position":[691.349976,696.528992,-280.221985],"allowPlayerStep":"1","isRenderEnabled":false,"rotationMatrix":[-0.966028929,-0.252784461,0.0537479594,-0.254177004,0.891737223,-0.374431401,0.0467213765,-0.375372916,-0.925695896],"scale":[2.34116006,1.61105001,1.93904996],"shapeName":"/levels/atoll/art/shapes/rocks/DRI_rock_c.dae"}
{"class":"TSStatic","persistentId":"297f1928-a198-4bbb-ae3b-5484f1903a53","__parent":"rochers","position":[500.041992,845.562012,-387.044006],"allowPlayerStep":"1","isRenderEnabled":false,"rotationMatrix":[0.878990233,0.428711385,-0.208764702,-0.334139854,0.866114795,0.371746868,0.340186328,-0.257005244,0.904556036],"scale":[1.45725,1,1.57152998],"shapeName":"/levels/atoll/art/shapes/rocks/DRI_rock_c.dae"}
{"class":"TSStatic","persistentId":"2b07b7fc-bc1b-4690-869f-b5048e2d908b","__parent":"rochers","position":[846.554993,618.664978,-263.052002],"allowPlayerStep":"1","isRenderEnabled":false,"rotationMatrix":[-0.47941184,0.801931143,0.356470555,-0.676862597,-0.596423149,0.431436062,0.558589101,-0.0344461203,0.828728974],"scale":[1.44660997,1.37036002,1.72653997],"shapeName":"/levels/atoll/art/shapes/rocks/DRI_rock_c.dae"}
{"class":"TSStatic","persistentId":"2b620f4e-f6da-499f-8f12-8a1f3a1e63b4","__parent":"rochers","position":[657.419006,715.205994,-287.415009],"allowPlayerStep":"1","isRenderEnabled":false,"rotationMatrix":[-0.984371901,-0.175263941,-0.0171566717,0.15292123,-0.802416801,-0.576838136,0.0873321295,-0.570446968,0.816678286],"scale":[1.79560006,1.06717002,2.31491995],"shapeName":"/levels/atoll/art/shapes/rocks/DRI_rock_c.dae"}
{"class":"TSStatic","persistentId":"2bd4f0ba-a71d-4f8d-8c75-c414f7344e01","__parent":"rochers","position":[803.861023,1039.22998,-395.863007],"allowPlayerStep":"1","isRenderEnabled":false,"rotationMatrix":[0.990076065,-0.136237532,-0.0344780013,0.140416354,0.949048638,0.282116771,-0.00571359135,-0.284158349,0.958760321],"scale":[2.42834997,1.48975003,1.73977005],"shapeName":"/levels/atoll/art/shapes/rocks/DRI_rock_c.dae"}
{"class":"TSStatic","persistentId":"2c7bf1c2-0b2e-4469-b68a-fbc6ee3a178c","__parent":"rochers","position":[1127.39001,477.742004,-374.725006],"allowPlayerStep":"1","isRenderEnabled":false,"rotationMatrix":[-0.0719263554,-0.983610868,-0.165337265,0.392398119,-0.180304766,0.901950121,-0.916979015,-4.11272049e-06,0.398935616],"scale":[1.53535998,0.83842802,2.49901009],"shapeName":"/levels/atoll/art/shapes/rocks/DRI_rock_c.dae"}
{"class":"TSStatic","persistentId":"2e2ceda9-5b35-4151-b6a0-885580cca56d","__parent":"rochers","position":[1125.68994,499.29599,-377.346008],"allowPlayerStep":"1","isRenderEnabled":false,"rotationMatrix":[-0.142940879,0.989728034,0.00242364407,0.98247546,0.141597033,0.121210724,0.119622491,0.0197071731,-0.992623448],"shapeName":"/levels/atoll/art/shapes/rocks/DRI_rock_b.dae"}
{"class":"TSStatic","persistentId":"2e396993-94ac-44b0-8e92-1d1a0c28006f","__parent":"rochers","position":[1129.12,694.047974,-384.348999],"allowPlayerStep":"1","isRenderEnabled":false,"rotationMatrix":[-0.0906498432,0.995486557,0.0280916244,0.969140828,0.0816876292,0.232579306,0.22923483,0.0483080298,-0.972171545],"scale":[1.94623995,1.55483997,1.69869995],"shapeName":"/levels/atoll/art/shapes/rocks/DRI_rock_c.dae"}
{"class":"TSStatic","persistentId":"2e80da92-6de0-4468-b58f-d3bf47e565d5","__parent":"rochers","position":[703.599976,668.776001,-286.787994],"allowPlayerStep":"1","isRenderEnabled":false,"rotationMatrix":[0.993371129,-0.109688386,-0.0343838334,0.0840137154,0.896933496,-0.434110582,0.078456901,0.42834419,0.900203168],"scale":[2.34116006,1.22219002,1.93904996],"shapeName":"/levels/atoll/art/shapes/rocks/DRI_rock_c.dae"}
{"class":"TSStatic","persistentId":"2f14f41f-38c5-4142-a000-80ae8588cee4","__parent":"rochers","position":[775.729004,1030.60999,-394.924011],"allowPlayerStep":"1","isRenderEnabled":false,"rotationMatrix":[-0.914508581,-0.404306591,0.0145222247,-0.342835248,0.793524146,0.502775788,-0.21479927,0.454813868,-0.864295244],"scale":[1.98221004,1.48975003,1.77359998],"shapeName":"/levels/atoll/art/shapes/rocks/DRI_rock_c.dae"}
{"class":"TSStatic","persistentId":"2f6ac8b5-ed19-44ea-811b-1408e3fd35b9","__parent":"rochers","position":[778.591003,1045.85999,-415.960999],"allowPlayerStep":"1","isRenderEnabled":false,"rotationMatrix":[-0.877410054,-0.473011762,-0.0800707266,-0.410639554,0.654197991,0.635137856,-0.248045594,0.590156615,-0.768237233],"scale":[1.82665002,1.48975003,2.01052999],"shapeName":"/levels/atoll/art/shapes/rocks/DRI_rock_c.dae"}
{"class":"TSStatic","persistentId":"2ffc2092-bb96-47b3-87ee-8fba89fb8c89","__parent":"rochers","position":[817.937988,1004.14001,-383.281006],"allowPlayerStep":"1","isRenderEnabled":false,"rotationMatrix":[0.991834462,0.0831052139,-0.0967363417,-0.0795824602,-0.189401627,-0.978669465,-0.0996545404,0.978376567,-0.181241393],"scale":[1.66736996,2.10555005,2.02022004],"shapeName":"/levels/atoll/art/shapes/rocks/DRI_rock_d.dae"}
{"class":"TSStatic","persistentId":"30ee8620-1520-4e28-83ac-202e9642dc94","__parent":"rochers","position":[484.638,833.890015,-379.97699],"allowPlayerStep":"1","isRenderEnabled":false,"rotationMatrix":[-0.89174664,-0.452022105,-0.0215433538,-0.223900408,0.39933759,0.88904345,-0.393264174,0.797624946,-0.457315922],"scale":[1.69797003,1.42107999,1.81787002],"shapeName":"/levels/atoll/art/shapes/rocks/DRI_rock_d.dae"}
{"class":"TSStatic","persistentId":"315f8929-b705-46a0-b237-59f2f3f7e25d","__parent":"rochers","position":[867.599976,791.52002,-213.630005],"allowPlayerStep":"1","isRenderEnabled":false,"rotationMatrix":[-0.177672625,-0.984070599,-0.00612163544,0.164635122,-0.0358564854,0.985702574,-0.970220447,0.174124539,0.16838336],"scale":[3.44822001,2.98451996,1.54364002],"shapeName":"/levels/atoll/art/shapes/rocks/DRI_rock_f.dae"}
{"class":"TSStatic","persistentId":"3161d84d-8319-409c-a05c-f05fcf3b064f","__parent":"rochers","position":[795.164001,1036.35999,-382.23999],"allowPlayerStep":"1","isRenderEnabled":false,"rotationMatrix":[-0.990768194,-0.131321341,-0.0336591713,-0.134417236,0.983868003,0.118049756,0.0176137313,0.121484324,-0.992437005],"scale":[1.56316996,1.48975003,1.57152998],"shapeName":"/levels/atoll/art/shapes/rocks/DRI_rock_c.dae"}
{"class":"TSStatic","persistentId":"358aa256-c8a5-4687-ba21-b74cd1b61d71","__parent":"rochers","position":[867.872986,601.823975,-267.464996],"allowPlayerStep":"1","isRenderEnabled":false,"rotationMatrix":[0.198889494,-0.966200411,0.164011687,0.285123765,0.217163801,0.933565497,-0.937628627,-0.138912827,0.31867826],"scale":[1.53889,1.53889,0.664615989],"shapeName":"/levels/atoll/art/shapes/rocks/DRI_rock_f.dae"}
{"class":"TSStatic","persistentId":"35dd226d-b998-4a77-97f2-fcea58fdb9a9","__parent":"rochers","position":[709.765015,692.91803,-278.550995],"allowPlayerStep":"1","isRenderEnabled":false,"rotationMatrix":[0.98042649,-0.146043569,-0.132042482,-0.141604871,-0.0570985079,-0.98827523,0.13679181,0.987628996,-0.0766613483],"scale":[2.34116006,1.61105001,1.93904996],"shapeName":"/levels/atoll/art/shapes/rocks/DRI_rock_c.dae"}
{"class":"TSStatic","persistentId":"3633213d-d075-43b2-9ef0-250daa7975a1","__parent":"rochers","position":[1138.87,556.966003,-387.356995],"allowPlayerStep":"1","isRenderEnabled":false,"rotationMatrix":[0.0596051812,0.994155884,-0.0900067985,0.938071966,-0.024958849,0.345540226,0.34127441,-0.105028823,-0.934077501],"scale":[1.94623995,1.55483997,1.69869995],"shapeName":"/levels/atoll/art/shapes/rocks/DRI_rock_c.dae"}
{"class":"TSStatic","persistentId":"36ffbee7-f1bd-4dbe-ad5f-b7104678c702","__parent":"rochers","position":[647.65802,694.601013,-279.329987],"allowPlayerStep":"1","isRenderEnabled":false,"rotationMatrix":[0.996545672,0.0777356327,0.0292218011,0.0788870901,-0.996057868,-0.0405653268,0.0259532351,0.0427304208,-0.998749495],"scale":[2.34116006,1.61105001,1.93904996],"shapeName":"/levels/atoll/art/shapes/rocks/DRI_rock_c.dae"}
{"class":"TSStatic","persistentId":"37f95ea3-1765-4ddf-a8ef-4af6e5f1f32c","__parent":"rochers","position":[795.557007,1021.63,-376.639008],"allowPlayerStep":"1","isRenderEnabled":false,"rotationMatrix":[-0.999490738,-0.00172602478,0.0318758003,-0.0288312323,-0.379860759,-0.924594581,0.0137042319,-0.925042331,0.379617035],"scale":[1.56316996,1.94997001,1.57152998],"shapeName":"/levels/atoll/art/shapes/rocks/DRI_rock_c.dae"}
{"class":"TSStatic","persistentId":"38cc446c-25d9-45b3-b230-0f49e6cd7074","__parent":"rochers","position":[867.143005,649.122009,-225.511993],"allowPlayerStep":"1","isRenderEnabled":false,"rotationMatrix":[0.808350921,-0.51276648,0.289204597,-0.587395191,-0.735224366,0.338248014,0.0391880572,-0.443300486,-0.895515919],"scale":[2.18755007,1.00994003,2.71883988],"shapeName":"/levels/atoll/art/shapes/rocks/DRI_rock_c.dae"}
{"class":"TSStatic","persistentId":"3a44370d-e419-44b4-95ea-49abf8015b84","__parent":"rochers","position":[837.265015,750.848022,-242.636993],"allowPlayerStep":"1","isRenderEnabled":false,"rotationMatrix":[0.275085628,0.0981272012,-0.956398964,-0.378053546,-0.903600693,-0.201448247,-0.883970261,0.416985512,-0.211470246],"scale":[2.8106699,3.01831007,2.46702003],"shapeName":"/levels/atoll/art/shapes/rocks/DRI_rock_f.dae"}
{"class":"TSStatic","persistentId":"3a500da3-c6ab-4cb3-93cc-43c71d0503db","__parent":"rochers","position":[697.85498,704.078003,-286.766998],"allowPlayerStep":"1","isRenderEnabled":false,"rotationMatrix":[0.563952327,0.825597048,-0.0186357796,0.0867958665,-0.0368169546,0.995545626,0.821233392,-0.56305778,-0.0924214125],"scale":[2.34116006,1.00994003,3.54150009],"shapeName":"/levels/atoll/art/shapes/rocks/DRI_rock_c.dae"}
{"class":"TSStatic","persistentId":"3b483410-9e05-4f08-a88d-3c8f27d88a56","__parent":"rochers","position":[865.280029,789.36499,-217.514008],"allowPlayerStep":"1","isRenderEnabled":false,"rotationMatrix":[-0.176495194,0.0460425727,-0.983224273,0.0793588161,-0.994988203,-0.060838867,-0.981097341,-0.0887652636,0.17195636],"scale":[2.2941401,2.98451996,1.54364002],"shapeName":"/levels/atoll/art/shapes/rocks/DRI_rock_f.dae"}
{"class":"TSStatic","persistentId":"3e6682ed-6136-4b59-b300-c67d13f1ddd0","__parent":"rochers","position":[1117.14001,438.15799,-392.578003],"allowPlayerStep":"1","isRenderEnabled":false,"rotationMatrix":[-0.299600124,-0.945966184,-0.124047637,0.235077202,0.0528180003,-0.970540583,0.92465055,-0.319934785,0.206550717],"scale":[1.65567005,2.53206992,1.68414998],"shapeName":"/levels/atoll/art/shapes/rocks/DRI_rock_d.dae"}
{"class":"TSStatic","persistentId":"3fedd796-91b7-44cc-9ed8-4837c1711862","__parent":"rochers","position":[706.434021,690.200012,-286.901001],"allowPlayerStep":"1","isRenderEnabled":false,"rotationMatrix":[-0.316551208,0.94839251,-0.0186336637,0.0818086565,0.0468658209,0.995545626,0.945041239,0.313616604,-0.0924222469],"scale":[2.34116006,1.00994003,3.54150009],"shapeName":"/levels/atoll/art/shapes/rocks/DRI_rock_c.dae"}
{"class":"TSStatic","persistentId":"40f6c488-cee3-4bba-a0fd-b659abf10e0a","__parent":"rochers","position":[646.427002,701.530029,-279.786011],"allowPlayerStep":"1","isRenderEnabled":false,"rotationMatrix":[-0.997307658,-0.0672516972,0.0292401891,-0.0684091449,0.996832073,-0.0405710638,-0.0264190864,-0.0424621254,-0.998748899],"scale":[2.34116006,1.45229995,1.93904996],"shapeName":"/levels/atoll/art/shapes/rocks/DRI_rock_c.dae"}
{"class":"TSStatic","persistentId":"41e303ab-40a6-457b-a76c-2c56b1108bdd","__parent":"rochers","position":[1135.64001,464.393005,-392.593994],"allowPlayerStep":"1","isRenderEnabled":false,"rotationMatrix":[0.0340875387,0.99176538,0.123448104,0.125105232,-0.126782656,0.984009624,0.991557717,-0.0180985034,-0.128396749],"scale":[1.47431004,1,1],"shapeName":"/levels/atoll/art/shapes/rocks/DRI_rock_b.dae"}
{"class":"TSStatic","persistentId":"4265092f-bd5d-48e1-8273-9b0a629a1228","__parent":"rochers","position":[1133.05005,653.26001,-392.865997],"allowPlayerStep":"1","isRenderEnabled":false,"rotationMatrix":[0.0201594234,-0.993505001,-0.11198847,0.980777383,-0.00209271908,0.195118651,-0.194085702,-0.113769248,0.974365056],"scale":[1.94623995,1.55483997,1.69869995],"shapeName":"/levels/atoll/art/shapes/rocks/DRI_rock_c.dae"}
{"class":"TSStatic","persistentId":"42961529-3503-459d-afa7-72a89842d7f2","__parent":"rochers","position":[969.614014,335.858002,-389.433014],"allowPlayerStep":"1","isRenderEnabled":false,"rotationMatrix":[-0.988659382,0.119160026,0.0914015695,-0.0968812555,-0.971106529,0.218098223,0.114749216,0.206769675,0.971637249],"scale":[1.27160001,2.31678009,1.99662995],"shapeName":"/levels/atoll/art/shapes/rocks/DRI_rock_e.dae"}
{"class":"TSStatic","persistentId":"42a8e63b-5ef1-4d04-981c-3638f9c58e1d","__parent":"rochers","position":[785.028015,1042.69995,-404.97699],"allowPlayerStep":"1","isRenderEnabled":false,"rotationMatrix":[0.151551783,-0.237747803,0.959431171,-0.598674119,0.750277877,0.280486107,-0.786524892,-0.616894722,-0.0286275148],"scale":[1.82665002,1.48975003,2.01052999],"shapeName":"/levels/atoll/art/shapes/rocks/DRI_rock_c.dae"}
{"class":"TSStatic","persistentId":"43b72541-4166-49d4-b8a2-18d7fd683739","__parent":"rochers","position":[670.377014,711.741028,-288.640991],"allowPlayerStep":"1","isRenderEnabled":false,"rotationMatrix":[-0.78553915,0.59732157,-0.161663383,-0.47011897,-0.745937467,-0.47176832,-0.402388185,-0.294591486,0.866775393],"scale":[1.79560006,0.783702016,2.31491995],"shapeName":"/levels/atoll/art/shapes/rocks/DRI_rock_c.dae"}
{"class":"TSStatic","persistentId":"445916fc-f9d0-40fd-bed2-60c75c3d14d9","__parent":"rochers","position":[1130.13,664.075012,-389.912994],"allowPlayerStep":"1","isRenderEnabled":false,"rotationMatrix":[-0.0259125233,-0.991483569,-0.127627492,0.923412323,0.0251656175,-0.382983506,0.382933676,-0.127776876,0.914896071],"scale":[1.55420995,1.97230995,1.48743999],"shapeName":"/levels/atoll/art/shapes/rocks/DRI_rock_d.dae"}
{"class":"TSStatic","persistentId":"459b382c-38b7-4148-bdd0-7d777937c844","__parent":"rochers","position":[1010.26001,335.679993,-389.765991],"allowPlayerStep":"1","isRenderEnabled":false,"rotationMatrix":[-0.99639523,-0.0731744617,-0.0429172628,0.0632094592,-0.977819681,0.199682459,-0.0565770008,0.196249887,0.978920341],"scale":[1.27160001,2.31678009,1.99662995],"shapeName":"/levels/atoll/art/shapes/rocks/DRI_rock_e.dae"}
{"class":"TSStatic","persistentId":"45cfd130-65ba-469a-ad3a-be94eb58fc9e","__parent":"rochers","position":[1121.51001,492.884003,-374.335999],"allowPlayerStep":"1","isRenderEnabled":false,"rotationMatrix":[0.037577033,0.993709207,0.105499119,-0.815851212,0.091470778,-0.570981503,-0.577039719,-0.0646157563,0.814155996],"scale":[1.38300002,1.38300002,1.27927995],"shapeName":"/levels/atoll/art/shapes/rocks/DRI_rock_g.dae"}
{"class":"TSStatic","persistentId":"463b59fe-c110-443e-8865-aad19037f40f","__parent":"rochers","position":[993.768982,335.994995,-395.136993],"allowPlayerStep":"1","isRenderEnabled":false,"rotationMatrix":[-0.998646259,0.0507870503,0.0112826591,-0.0316301994,-0.420521379,-0.906731427,-0.0413056053,-0.905860364,0.421557844],"scale":[1.46247005,2.01346993,1.06557],"shapeName":"/levels/atoll/art/shapes/rocks/DRI_rock_d.dae"}
{"class":"TSStatic","persistentId":"475ceba3-d2ac-435f-9529-0a1e0a8d08bf","__parent":"rochers","position":[1122.68994,504.799011,-376.050995],"allowPlayerStep":"1","isRenderEnabled":false,"rotationMatrix":[0.392205954,-0.909897506,0.135133207,0.819331586,0.412328601,0.398347735,-0.418174922,-0.0455154628,0.90722549],"shapeName":"/levels/atoll/art/shapes/rocks/DRI_rock_b.dae"}
{"class":"TSStatic","persistentId":"4774ce8e-4c84-424b-ac87-729ac8b952d9","__parent":"rochers","position":[1130.05005,625.879028,-390.489014],"allowPlayerStep":"1","isRenderEnabled":false,"rotationMatrix":[0.0477091074,-0.991880953,-0.117880747,0.9984532,0.0439835787,0.0340076387,-0.0285467245,-0.119320884,0.99244529],"scale":[1.55420995,1.97230995,1.48743999],"shapeName":"/levels/atoll/art/shapes/rocks/DRI_rock_d.dae"}
{"class":"TSStatic","persistentId":"4789434b-6162-4c37-885e-554ebdbdeb2d","__parent":"rochers","position":[773.598022,1037.69995,-407.95401],"allowPlayerStep":"1","isRenderEnabled":false,"rotationMatrix":[0.936472774,0.350258827,-0.0183694214,-0.295443892,0.815975666,0.496886998,0.189028069,-0.459894031,0.867620826],"scale":[1.98221004,1.48975003,1.77359998],"shapeName":"/levels/atoll/art/shapes/rocks/DRI_rock_c.dae"}
{"class":"TSStatic","persistentId":"48c2f7bc-e695-4d66-bef2-332facde97e9","__parent":"rochers","position":[1136.52002,487.390991,-391.705994],"allowPlayerStep":"1","isRenderEnabled":false,"rotationMatrix":[-0.0534980297,-0.982677042,-0.177437171,0.970622241,-0.00942969322,-0.240423873,0.234585837,-0.185086653,0.954312563],"scale":[1.47431004,1,1],"shapeName":"/levels/atoll/art/shapes/rocks/DRI_rock_b.dae"}
