{"class":"TSStatic","persistentId":"2fb16703-3993-4472-8574-6cfaacfaadb9","__parent":"tents","position":[425.900208,544.430908,-1.42104411],"isRenderEnabled":false,"rotationMatrix":[0.673742414,0.738966525,0,-0.738966525,0.673742414,0,0,0,1],"shapeName":"/levels/RoadAtlanta/art/TSOs/free/Tentb.dae"}
{"class":"TSStatic","persistentId":"d670dba1-757e-452c-983a-d4e24e444557","__parent":"tents","position":[414.665192,554.623779,-1.4851706],"isRenderEnabled":false,"rotationMatrix":[0.734856963,0.678221166,2.67391442e-10,-0.678221107,0.734856784,-0.000690533256,-0.000468334969,0.000507444027,0.999999762],"shapeName":"/levels/RoadAtlanta/art/TSOs/free/Tentr.dae"}
{"class":"TSStatic","persistentId":"c2998c14-cb3a-4691-8e35-1a1fb8ffff4b","__parent":"tents","position":[400.233551,568.17865,-0.404864967],"isRenderEnabled":false,"rotationMatrix":[0.638466656,0.769650519,0,-0.769650519,0.638466656,0,0,0,1],"shapeName":"/levels/RoadAtlanta/art/TSOs/free/Tentw.dae"}
{"class":"TSStatic","persistentId":"6b7f87d8-514a-4f6e-920f-0bd11e026929","__parent":"tents","position":[-136.322662,693.331726,29.0543747],"isRenderEnabled":false,"rotationMatrix":[0.756183624,-0.652888536,-0.0438416824,0.653447211,0.756969154,-0.00206175167,0.0345328785,-0.0270891599,0.999036312],"shapeName":"/levels/RoadAtlanta/art/TSOs/free/Tentb.dae"}
{"class":"TSStatic","persistentId":"fa85cdaf-7455-4053-b9b4-3588eba9dd99","__parent":"tents","position":[-150.316193,676.803772,29.1621609],"isRenderEnabled":false,"rotationMatrix":[0.782429755,-0.622629821,-0.0115759624,0.62269485,0.782459855,0.00272487104,0.00736116432,-0.00934031047,0.999928892],"shapeName":"/levels/RoadAtlanta/art/TSOs/free/Tentr.dae"}
{"class":"TSStatic","persistentId":"54d8ee02-e4c1-47bd-83d7-23154b5d0bf8","__parent":"tents","position":[-143.459457,685.533752,29.1906471],"isRenderEnabled":false,"rotationMatrix":[0.806009948,-0.591791093,-0.0114465095,0.591731548,0.80609107,-0.00840344094,0.014200002,4.42193038e-09,0.999899149],"shapeName":"/levels/RoadAtlanta/art/TSOs/free/Tentw.dae"}
{"class":"TSStatic","persistentId":"90df652d-d449-4af4-b79a-63632e85b563","__parent":"tents","position":[542.599121,428.882385,-7.62091398],"isRenderEnabled":false,"shapeName":"/levels/RoadAtlanta/art/TSOs/free/Tentb.dae"}
{"class":"TSStatic","persistentId":"74873229-f57f-463f-bc55-23abbdf81f02","__parent":"tents","position":[470.945526,503.871552,-3.11437893],"isRenderEnabled":false,"rotationMatrix":[0.694871902,0.719102025,0.00671688095,-0.719031572,0.694585502,0.0233393982,0.0121179689,-0.0210475363,0.999705315],"shapeName":"/levels/RoadAtlanta/art/TSOs/free/Tentr.dae"}
{"class":"TSStatic","persistentId":"38e8418b-d2f9-481e-be66-bd682bcad969","__parent":"tents","position":[446.212952,279.684692,2.9001019],"isRenderEnabled":false,"rotationMatrix":[0.997949481,-0.00316265877,-0.0639288127,-0.00410719821,0.99355638,-0.113267489,0.0638750568,0.113297753,0.991505682],"shapeName":"/levels/RoadAtlanta/art/TSOs/free/Tentw.dae"}
{"class":"TSStatic","persistentId":"dc0f030a-b095-4894-a487-84ccb043c154","__parent":"tents","position":[234.613937,74.5665131,9.52657032],"isRenderEnabled":false,"rotationMatrix":[0.998897552,-7.56699592e-10,0.0469428934,-0.00283604302,0.998173475,0.0603481829,-0.0468571372,-0.0604147874,0.997073114],"shapeName":"/levels/RoadAtlanta/art/TSOs/free/Tentb.dae"}
{"class":"TSStatic","persistentId":"7381fd4d-f969-4753-b854-50db6a604179","__parent":"tents","position":[224.822647,61.7227936,8.731143],"isRenderEnabled":false,"rotationMatrix":[0.998779893,-0.000332729105,0.0493851416,0.000470100786,0.999996006,-0.00277005509,-0.0493840054,0.00278989505,0.998776317],"shapeName":"/levels/RoadAtlanta/art/TSOs/free/Tentw.dae"}
{"class":"TSStatic","persistentId":"4c02b391-3d54-42f5-9dfd-c640f460cabb","__parent":"tents","position":[177.478012,-10.3302898,4.77015591],"isRenderEnabled":false,"rotationMatrix":[0.975826919,-0.218544513,1.75030436e-05,0.21813795,0.97401607,0.0608956441,-0.0133254388,-0.059419848,0.998144209],"shapeName":"/levels/RoadAtlanta/art/TSOs/free/Tentr.dae"}
{"class":"TSStatic","persistentId":"ed3cfdcb-b2e5-40a4-9c3c-95a9a7077804","__parent":"tents","position":[197.413818,0.697975755,5.93647957],"isRenderEnabled":false,"rotationMatrix":[0.967672944,-0.251257241,0.0218539499,0.25032708,0.967410147,0.0381360352,-0.030723691,-0.0314326026,0.999032497],"shapeName":"/levels/RoadAtlanta/art/TSOs/free/Tentb.dae"}
{"class":"TSStatic","persistentId":"7fc9371b-4f69-464c-b5fa-52d4c9a0113c","__parent":"tents","position":[167.499313,-35.2397423,3.49099422],"isRenderEnabled":false,"rotationMatrix":[1,0,0,0,0.99931103,0.0371095762,0,-0.0371095762,0.99931103],"shapeName":"/levels/RoadAtlanta/art/TSOs/free/Tentw.dae"}
{"class":"TSStatic","persistentId":"dd392ca9-89e4-4d65-92b4-3cfed52592b8","__parent":"tents","position":[-307.773926,131.792816,25.54109],"isRenderEnabled":false,"shapeName":"/levels/RoadAtlanta/art/TSOs/free/Tentb.dae"}
{"class":"TSStatic","persistentId":"b7b35bcf-45a7-4379-8d38-89670293b0b5","__parent":"tents","position":[-305.461487,142.258606,25.5155163],"isRenderEnabled":false,"shapeName":"/levels/RoadAtlanta/art/TSOs/free/Tentr.dae"}
{"class":"TSStatic","persistentId":"710a038f-c73d-4111-b545-474b2c09df6f","__parent":"tents","position":[-304.169189,151.216446,25.2830334],"isRenderEnabled":false,"shapeName":"/levels/RoadAtlanta/art/TSOs/free/Tentw.dae"}
{"class":"TSStatic","persistentId":"6f5d6a61-49d7-4b7f-a6ab-7d610183c617","__parent":"tents","position":[-306.582947,122.33831,25.3874035],"isRenderEnabled":false,"shapeName":"/levels/RoadAtlanta/art/TSOs/free/Tentw.dae"}
{"class":"TSStatic","persistentId":"9dfceb19-9b46-4a43-8082-6125c9f7aacf","__parent":"tents","position":[-302.775909,162.327927,25.0072155],"isRenderEnabled":false,"shapeName":"/levels/RoadAtlanta/art/TSOs/free/Tentw.dae"}
{"class":"TSStatic","persistentId":"4e3516bb-54b5-4972-9978-e8aca5313838","__parent":"tents","position":[-228.4039,172.224701,23.4720592],"isRenderEnabled":false,"rotationMatrix":[0.950740993,-0.309985727,0,0.309985727,0.950740993,0,0,0,1],"shapeName":"/levels/RoadAtlanta/art/TSOs/free/Tentw.dae"}
{"class":"TSStatic","persistentId":"db4e39e3-0ec1-4baf-a943-d53e5c7ed0cb","__parent":"tents","position":[-230.758209,162.466568,23.7132092],"isRenderEnabled":false,"rotationMatrix":[0.977876008,-0.209185466,0,0.209185466,0.977876008,0,0,0,1],"shapeName":"/levels/RoadAtlanta/art/TSOs/free/Tentr.dae"}
{"class":"TSStatic","persistentId":"6b797480-6a9d-473e-a25e-d063181ee48d","__parent":"tents","position":[-233.901627,151.865158,23.9224987],"isRenderEnabled":false,"rotationMatrix":[0.957230628,-0.289325386,0,0.289325386,0.957230628,0,0,0,1],"shapeName":"/levels/RoadAtlanta/art/TSOs/free/Tentb.dae"}
{"class":"TSStatic","persistentId":"29216fb1-1eb9-47d6-8fc4-05b565a9245c","__parent":"tents","position":[-236.277695,141.740417,24.1104259],"isRenderEnabled":false,"rotationMatrix":[0.976509571,-0.215474069,0,0.215474069,0.976509571,0,0,0,1],"shapeName":"/levels/RoadAtlanta/art/TSOs/free/Tentw.dae"}
{"class":"TSStatic","persistentId":"a3b10536-33e6-4ea5-9f15-bb1ef2a2e809","__parent":"tents","position":[-238.833191,131.707504,24.2483044],"isRenderEnabled":false,"rotationMatrix":[0.967683971,-0.252166152,0,0.252166152,0.967683971,0,0,0,1],"shapeName":"/levels/RoadAtlanta/art/TSOs/free/Tentw.dae"}
{"class":"TSStatic","persistentId":"f58c67de-d4fb-449f-a9c4-679a29074d8f","__parent":"tents","position":[-189.360214,-187.69249,21.064888],"isRenderEnabled":false,"rotationMatrix":[0.999467432,-4.5656634e-10,-0.032631848,0.00101281784,0.999517977,0.0310211591,0.0326161347,-0.0310376864,0.998985648],"shapeName":"/levels/RoadAtlanta/art/TSOs/free/Tentb.dae"}
{"class":"TSStatic","persistentId":"634c592a-3180-4097-8451-15256b8ae3e2","__parent":"tents","position":[-205.9272,-178.964096,21.7231979],"isRenderEnabled":false,"rotationMatrix":[1,0,0,0,0.997283518,0.0736579299,0,-0.0736579299,0.997283518],"shapeName":"/levels/RoadAtlanta/art/TSOs/free/Tentr.dae"}
{"class":"TSStatic","persistentId":"f7e0369f-3922-4351-be1e-6a2a0b2a53a2","__parent":"tents","position":[-216.075302,-161.719421,22.5499535],"isRenderEnabled":false,"rotationMatrix":[0.999918759,-0.000122926198,0.0127400318,-0.000531153521,0.998681605,0.0513244122,-0.0127295516,-0.0513270162,0.998600245],"shapeName":"/levels/RoadAtlanta/art/TSOs/free/Tentw.dae"}
{"class":"TSStatic","persistentId":"03f9760d-df8d-409a-996f-a2d896477f51","__parent":"tents","position":[-182.013733,-194.852417,20.645277],"isRenderEnabled":false,"shapeName":"/levels/RoadAtlanta/art/TSOs/free/Tentw.dae"}
{"class":"TSStatic","persistentId":"96f46c47-48d5-49db-a5fe-f83f40f3f6a3","__parent":"tents","position":[-148.954117,-408.714478,19.3438721],"isRenderEnabled":false,"rotationMatrix":[0.746897936,0.663053751,-0.050040666,-0.664080441,0.747641563,-0.0054684421,0.03378658,0.0373153612,0.998732269],"shapeName":"/levels/RoadAtlanta/art/TSOs/free/Tentb.dae"}
{"class":"TSStatic","persistentId":"1cad8e78-c203-42c7-a431-be66fa9007b7","__parent":"tents","position":[-157.407959,-393.893524,18.8601322],"isRenderEnabled":false,"rotationMatrix":[0.895026743,0.438382924,-0.0821447968,-0.442291379,0.896117628,-0.0367647707,0.0574943945,0.0692374036,0.995941758],"shapeName":"/levels/RoadAtlanta/art/TSOs/free/Tentr.dae"}
{"class":"TSStatic","persistentId":"81914e39-1473-4935-9576-fd4e9691f8bb","__parent":"tents","position":[-139.183029,-421.657806,19.405859],"isRenderEnabled":false,"rotationMatrix":[0.833035409,0.547482908,-0.0794669539,-0.548719943,0.835975409,0.00729090255,0.070423916,0.0375313945,0.996810794],"shapeName":"/levels/RoadAtlanta/art/TSOs/free/Tentw.dae"}
{"class":"TSStatic","persistentId":"69ca9074-524d-45cd-836b-d828666feaf7","__parent":"tents","position":[-152.944519,-400.998993,19.1004009],"isRenderEnabled":false,"rotationMatrix":[0.764893293,0.638002753,-0.0888286009,-0.642006516,0.766314805,-0.02426292,0.0525907911,0.0755869746,0.995751441],"shapeName":"/levels/RoadAtlanta/art/TSOs/free/Tentw.dae"}
{"class":"TSStatic","persistentId":"d2a2d5e5-ae06-4360-899c-4884c8ffa342","__parent":"tents","position":[-144.022354,-416.029297,19.4577751],"isRenderEnabled":false,"rotationMatrix":[0.820237696,0.569092691,-0.0578192733,-0.570831597,0.820856571,-0.0185854696,0.036884468,0.0482495986,0.998153806],"shapeName":"/levels/RoadAtlanta/art/TSOs/free/Tentr.dae"}
{"class":"TSStatic","persistentId":"0113d5e5-b176-49c7-99b2-273c14c03973","__parent":"tents","position":[-208.955887,-588.875061,13.6786222],"isRenderEnabled":false,"rotationMatrix":[1,0,0,0,0.998350263,0.0574173965,0,-0.0574173965,0.998350263],"shapeName":"/levels/RoadAtlanta/art/TSOs/free/Tentb.dae"}
{"class":"TSStatic","persistentId":"18019c82-cc30-471a-9585-0c59fa7bccc7","__parent":"tents","position":[-208.952545,-578.060486,14.4162073],"isRenderEnabled":false,"rotationMatrix":[1,0,0,0,0.997277319,0.0737438202,0,-0.0737438202,0.997277319],"shapeName":"/levels/RoadAtlanta/art/TSOs/free/Tentr.dae"}
{"class":"TSStatic","persistentId":"4bc881d3-0e9b-4846-8cfc-1e52f4d99f69","__parent":"tents","position":[-208.767654,-568.584595,15.0391722],"isRenderEnabled":false,"rotationMatrix":[1,0,0,0,0.995504618,0.0947119221,0,-0.0947119221,0.995504618],"shapeName":"/levels/RoadAtlanta/art/TSOs/free/Tentw.dae"}
{"class":"TSStatic","persistentId":"115b18a3-c507-4544-b5cb-f146b87b99b6","__parent":"tents","position":[-187.831985,-860.501343,7.08818245],"isRenderEnabled":false,"shapeName":"/levels/RoadAtlanta/art/TSOs/free/Tentb.dae"}
{"class":"TSStatic","persistentId":"3d9bc23e-6d09-47d4-880d-18e21aee8e51","__parent":"tents","position":[-177.446823,-859.688843,6.77846146],"isRenderEnabled":false,"shapeName":"/levels/RoadAtlanta/art/TSOs/free/Tentr.dae"}
{"class":"TSStatic","persistentId":"886c1ece-1f0f-492b-976b-5acd991d99f1","__parent":"tents","position":[-169.542679,-859.270569,6.46446085],"isRenderEnabled":false,"shapeName":"/levels/RoadAtlanta/art/TSOs/free/Tentw.dae"}
{"class":"TSStatic","persistentId":"1911e015-1458-4fd6-84d2-e8b9ff064420","__parent":"tents","position":[-199.050476,-860.484741,7.32555199],"isRenderEnabled":false,"shapeName":"/levels/RoadAtlanta/art/TSOs/free/Tentw.dae"}
{"class":"TSStatic","persistentId":"b172b485-6103-4417-a2e8-a02728e5de7b","__parent":"tents","position":[117.20945,742.493652,5.15873623],"isRenderEnabled":false,"rotationMatrix":[0.571655154,0.820494294,0,-0.820494294,0.571655154,0,0,0,1],"shapeName":"/levels/RoadAtlanta/art/TSOs/free/Tentb.dae"}
{"class":"TSStatic","persistentId":"eb0f3643-2ae0-4f15-a179-3cbb3d0e7cc8","__parent":"tents","position":[122.982498,738.265137,4.98492432],"isRenderEnabled":false,"rotationMatrix":[0.611185431,0.791486919,0,-0.791486919,0.611185431,0,0,0,1],"shapeName":"/levels/RoadAtlanta/art/TSOs/free/Tentr.dae"}
{"class":"TSStatic","persistentId":"091ee689-135b-4f98-9b83-ffb56bd18ede","__parent":"tents","position":[130.798187,733.717773,4.72179413],"isRenderEnabled":false,"rotationMatrix":[0.658905149,0.752225757,0,-0.752225757,0.658905149,0,0,0,1],"shapeName":"/levels/RoadAtlanta/art/TSOs/free/Tentw.dae"}
{"class":"TSStatic","persistentId":"216945fb-9a26-4e74-a114-056ec8accb67","__parent":"tents","position":[369.592529,207.082977,13.3646688],"isRenderEnabled":false,"rotationMatrix":[0.630041301,-0.77656132,0,0.77656132,0.630041301,0,0,0,1],"scale":[0.699999988,0.699999988,1],"shapeName":"/levels/RoadAtlanta/art/TSOs/free/Tentb.dae"}
{"class":"TSStatic","persistentId":"4d22462a-75f0-404f-aa94-7101a77c675d","__parent":"tents","position":[368.378784,220.420151,13.4676409],"isRenderEnabled":false,"rotationMatrix":[0.754772365,-0.655987382,0,0.655987382,0.754772365,0,0,0,1],"shapeName":"/levels/RoadAtlanta/art/TSOs/free/Tentw.dae"}
{"class":"TSStatic","persistentId":"fa1b2345-9c58-4572-92ec-e9f3b39023da","__parent":"tents","position":[292.057404,114.055038,13.7826385],"isRenderEnabled":false,"rotationMatrix":[0.883823693,-0.466935694,-0.0287447385,0.4677957,0.881489336,0.0643714592,-0.0047191456,-0.070339717,0.997511983],"shapeName":"/levels/RoadAtlanta/art/TSOs/free/Tentb.dae"}
{"class":"TSStatic","persistentId":"2b985ce4-880d-4858-a224-cf4a4611f874","__parent":"tents","position":[302.351044,155.16803,16.0163994],"isRenderEnabled":false,"rotationMatrix":[0.687097549,-0.72565943,-0.0362746269,0.726422668,0.687096059,0.0144885499,0.014410397,-0.0363057442,0.999236822],"shapeName":"/levels/RoadAtlanta/art/TSOs/free/Tentr.dae"}
{"class":"TSStatic","persistentId":"83597181-2a92-40a7-a64e-41941e502b7f","__parent":"tents","position":[321.707428,130.385071,13.6139078],"isRenderEnabled":false,"rotationMatrix":[0.960900366,-0.265062183,-0.0800803006,0.266219825,0.96390456,0.00394960027,0.0761428326,-0.0251141116,0.996780634],"shapeName":"/levels/RoadAtlanta/art/TSOs/free/Tentw.dae"}
{"class":"TSStatic","persistentId":"fe800502-67a7-4c62-89bd-b0dcbd38bdb8","__parent":"tents","position":[297.64624,126.079903,14.6774588],"isRenderEnabled":false,"rotationMatrix":[1,0,0,0,0.997964323,0.0637756437,0,-0.0637756437,0.997964323],"shapeName":"/levels/RoadAtlanta/art/TSOs/free/Tentw.dae"}
{"class":"TSStatic","persistentId":"b979a2aa-ce26-402d-a9a9-bacfb74976f4","__parent":"tents","position":[299.684174,136.421204,15.2229595],"isRenderEnabled":false,"rotationMatrix":[0.935475945,-0.353050739,-0.0154994726,0.353390783,0.934575617,0.0410293154,1.16385768e-09,-0.0438593067,0.999037683],"shapeName":"/levels/RoadAtlanta/art/TSOs/free/Tentw.dae"}
{"class":"TSStatic","persistentId":"c1b36b91-1cfb-4f79-9b5d-1eba8fe1c4d5","__parent":"tents","position":[332.337341,171.378006,16.111927],"isRenderEnabled":false,"rotationMatrix":[0.813792825,-0.576029897,-0.0770135596,0.579240143,0.814707577,0.0270795245,0.0471448898,-0.0666464642,0.996662259],"shapeName":"/levels/RoadAtlanta/art/TSOs/free/Tentw.dae"}
{"class":"TSStatic","persistentId":"b92f2c6f-0ead-4d8a-96c4-d3026864e106","__parent":"tents","position":[335.412415,179.096359,16.5247345],"isRenderEnabled":false,"rotationMatrix":[0.841190636,-0.533808708,-0.0862934589,0.537328184,0.843067646,0.0226978436,0.0606349111,-0.0654611439,0.996011198],"shapeName":"/levels/RoadAtlanta/art/TSOs/free/Tentb.dae"}
{"class":"TSStatic","persistentId":"c40e8ba0-4b17-4d6e-ba42-7092c373c222","__parent":"tents","position":[237.541107,549.393555,-2.20465136],"isRenderEnabled":false,"rotationMatrix":[0.568802595,0.822275519,0.0180722661,-0.822293282,0.568079472,0.0334604308,0.0172472112,-0.0338930786,0.999276638],"shapeName":"/levels/RoadAtlanta/art/TSOs/free/Trailer_Tent.dae"}
{"class":"TSStatic","persistentId":"c7f06c9c-3c3d-47a3-98f5-04c14acec9dc","__parent":"tents","position":[153.299698,609.330261,-0.103800774],"isRenderEnabled":false,"rotationMatrix":[0.568802595,0.822275519,0.0180722661,-0.822293282,0.568079472,0.0334604308,0.0172472112,-0.0338930786,0.999276638],"shapeName":"/levels/RoadAtlanta/art/TSOs/free/Trailer_Tent.dae"}
{"class":"TSStatic","persistentId":"62b5776a-c098-46b5-811b-95332a3b7425","__parent":"tents","position":[208.789093,568.570129,-1.62115526],"isRenderEnabled":false,"rotationMatrix":[0.568802595,0.822275519,0.0180722661,-0.822293282,0.568079472,0.0334604308,0.0172472112,-0.0338930786,0.999276638],"shapeName":"/levels/RoadAtlanta/art/TSOs/free/Trailer_Tent.dae"}
{"class":"TSStatic","persistentId":"a7d96455-6f83-4ed7-94dc-50d901ae4e33","__parent":"tents","position":[280.483368,522.246826,-2.90295458],"isRenderEnabled":false,"rotationMatrix":[0.568802595,0.822275519,0.0180722661,-0.822293282,0.568079472,0.0334604308,0.0172472112,-0.0338930786,0.999276638],"shapeName":"/levels/RoadAtlanta/art/TSOs/free/Trailer_Tent.dae"}
{"class":"TSStatic","persistentId":"19379d4b-29a9-4f8f-a77b-4f17e5dbca1c","__parent":"tents","position":[305.597839,506.071106,-3.3868413],"isRenderEnabled":false,"rotationMatrix":[0.568802595,0.822275519,0.0180722661,-0.822293282,0.568079472,0.0334604308,0.0172472112,-0.0338930786,0.999276638],"shapeName":"/levels/RoadAtlanta/art/TSOs/free/Trailer_Tent.dae"}
{"class":"TSStatic","persistentId":"51e6884a-a9d1-4b2b-82df-f40957f111f9","__parent":"tents","position":[330.779175,488.345612,-3.81372213],"isRenderEnabled":false,"rotationMatrix":[0.568688333,0.822435379,0.0139206862,-0.822524905,0.568447053,0.0179130211,0.00681912713,-0.0216370374,0.999742627],"shapeName":"/levels/RoadAtlanta/art/TSOs/free/Trailer_Tent.dae"}
{"class":"TSStatic","persistentId":"879d7e47-d05a-47bf-b0d6-abae527d311b","__parent":"tents","position":[354.468597,472.954559,-4.18025923],"isRenderEnabled":false,"rotationMatrix":[0.568802595,0.822275519,0.0180722661,-0.822293282,0.568079472,0.0334604308,0.0172472112,-0.0338930786,0.999276638],"shapeName":"/levels/RoadAtlanta/art/TSOs/free/Trailer_Tent.dae"}
{"class":"TSStatic","persistentId":"3a765e4c-6355-4169-90f5-e5173b6849d3","__parent":"tents","position":[378.041718,457.248993,-4.41954184],"isRenderEnabled":false,"rotationMatrix":[0.56864059,0.82241714,0.0166721046,-0.822533607,0.568258822,0.0228122603,0.00928712357,-0.0266853441,0.999600649],"shapeName":"/levels/RoadAtlanta/art/TSOs/free/Trailer_Tent.dae"}
{"class":"TSStatic","persistentId":"44a328bd-a346-4003-8262-40cc03683c98","__parent":"tents","position":[430.069977,420.766266,-5.5220747],"isRenderEnabled":false,"rotationMatrix":[0.568803906,0.822274983,0.0180722065,-0.822292745,0.568080604,0.0334603637,0.0172471516,-0.0338930227,0.999276578],"shapeName":"/levels/RoadAtlanta/art/TSOs/free/Trailer_Tent.dae"}
{"class":"TSStatic","persistentId":"a450fa2e-d780-4c25-a04b-d6681ff1058e","__parent":"tents","position":[406.207214,437.627502,-4.75239372],"isRenderEnabled":false,"rotationMatrix":[0.568681777,0.82247895,0.0113909664,-0.822503328,0.568429649,0.0194079373,0.00948765781,-0.0204060227,0.999746621],"shapeName":"/levels/RoadAtlanta/art/TSOs/free/Trailer_Tent.dae"}
{"class":"TSStatic","persistentId":"4bb195a0-ac34-4d0f-8092-6fbcd48e14dd","__parent":"tents","position":[-364.10318,-389.110931,14.6728411],"isRenderEnabled":false,"rotationMatrix":[0.993178725,0.11659801,0,-0.11659801,0.993178725,0,0,0,1],"shapeName":"/levels/RoadAtlanta/art/TSOs/free/Trailer_Tent.dae"}
{"class":"TSStatic","persistentId":"cfb041b6-f4fd-4c25-afda-f5d5a472f243","__parent":"tents","position":[380.719208,653.479858,3.43979478],"isRenderEnabled":false,"rotationMatrix":[-0.79578048,-0.605580449,0.0023348718,0.605191827,-0.795396864,-0.0329574421,0.021815531,-0.0248138439,0.999454021],"shapeName":"/levels/RoadAtlanta/art/TSOs/free/Trailer_Tent.dae"}
{"class":"TSStatic","persistentId":"ac68e700-c5bf-4aaa-b2a1-903a61f55a66","__parent":"tents","position":[398.169586,633.679932,2.41975951],"isRenderEnabled":false,"rotationMatrix":[-0.795733988,-0.605564237,-0.0099516958,0.605444729,-0.794938445,-0.038846042,0.0156127838,-0.0369363129,0.999195635],"shapeName":"/levels/RoadAtlanta/art/TSOs/free/Trailer_Tent.dae"}
{"class":"TSStatic","persistentId":"5f62f774-848b-4fcc-8876-2f185805157d","__parent":"tents","position":[317.334198,686.610474,5.34472942],"isRenderEnabled":false,"rotationMatrix":[-0.597230196,-0.799401462,-0.0653726384,0.802070081,-0.595243156,-0.0486772209,1.84189215e-08,-0.081504941,0.996672869],"shapeName":"/levels/RoadAtlanta/art/TSOs/free/Trailer_Tent.dae"}
{"class":"TSStatic","persistentId":"74361941-6478-4250-9a45-96dbd40adf97","__parent":"tents","position":[327.608826,654.543457,3.27813292],"isRenderEnabled":false,"rotationMatrix":[-0.553728998,-0.832697034,0,0.832697034,-0.553728998,0,0,0,1],"shapeName":"/levels/RoadAtlanta/art/TSOs/free/Tentb.dae"}
{"class":"TSStatic","persistentId":"05e510e9-8a08-4219-9c57-ed2e90874168","__parent":"tents","position":[292.659576,679.426453,4.26518011],"isRenderEnabled":false,"rotationMatrix":[0.579063416,0.813820362,0.0488013066,-0.815282524,0.577967346,0.0356327221,0.000793106854,-0.0604204535,0.998173058],"shapeName":"/levels/RoadAtlanta/art/TSOs/free/Tentr.dae"}
{"class":"TSStatic","persistentId":"b407385f-7eaa-457d-b12d-b689fcb9e793","__parent":"tents","position":[300.272888,674.192139,4.01355457],"isRenderEnabled":false,"rotationMatrix":[0.574174941,0.818446338,0.0216160938,-0.818731844,0.573974788,0.0151593313,6.51925802e-09,-0.0264018886,0.999651313],"shapeName":"/levels/RoadAtlanta/art/TSOs/free/Tentw.dae"}
{"class":"TSStatic","persistentId":"7ade1fdc-db5d-429a-91e0-c9b714780ffd","__parent":"tents","position":[337.363983,668.040283,4.3081131],"isRenderEnabled":false,"rotationMatrix":[0.577279627,0.81548357,0.0416516289,-0.815779924,0.578197122,-0.013853237,-0.0353799462,-0.0259813573,0.999036014],"shapeName":"/levels/RoadAtlanta/art/TSOs/free/Tentr.dae"}
{"class":"TSStatic","persistentId":"cf00e7b9-ed3c-40f0-82b9-68996631a083","__parent":"tents","position":[303.173096,691.080444,5.37391043],"isRenderEnabled":false,"rotationMatrix":[-0.553414941,-0.830689967,-0.0607085824,0.832224607,-0.554438531,1.43675134e-05,-0.033671096,-0.050515227,0.998155355],"shapeName":"/levels/RoadAtlanta/art/TSOs/free/Tentb.dae"}
{"class":"TSStatic","persistentId":"27ca1ad7-204b-49f7-99ca-ab84dcfe693d","__parent":"tents","position":[295.013916,698.001953,5.91891479],"isRenderEnabled":false,"rotationMatrix":[0.575903058,0.815704226,0.0544147193,-0.817515373,0.57474637,0.036510881,-0.00149260147,-0.065511629,0.997850597],"shapeName":"/levels/RoadAtlanta/art/TSOs/free/Tentw.dae"}
{"class":"TSStatic","persistentId":"8ea5d91b-7b91-4f3b-a301-ad5287d9b8e0","__parent":"tents","position":[373.877899,623.911377,2.19932508],"isRenderEnabled":false,"rotationMatrix":[0.57417506,0.818731785,0,-0.818731785,0.57417506,0,0,0,1],"shapeName":"/levels/RoadAtlanta/art/TSOs/free/Tentw.dae"}
{"class":"TSStatic","persistentId":"59c6c5af-d08a-42f1-9e32-2ebfc27dccf2","__parent":"tents","position":[361.588562,632.673706,2.49207163],"isRenderEnabled":false,"rotationMatrix":[0.578392267,0.815758884,0,-0.815758884,0.578392267,0,0,0,1],"shapeName":"/levels/RoadAtlanta/art/TSOs/free/Tentr.dae"}
