{"class":"TSStatic","persistentId":"e2a75b3a-301b-46ac-b33c-6fe71cf21891","__parent":"free","position":[-227.858475,-344.923187,17.3577003],"isRenderEnabled":false,"shapeName":"/levels/RoadAtlanta/art/TSOs/free/Car_Pickup.dae"}
{"class":"TSStatic","persistentId":"afb6d893-f8fb-492e-81f2-8d3abc016e81","__parent":"free","position":[-73.0161972,493.310089,24.6099529],"isRenderEnabled":false,"rotationMatrix":[0.873133361,-0.487481117,0,0.486072361,0.870610356,0.0759751573,-0.0370364748,-0.066336453,0.997110307],"shapeName":"/levels/RoadAtlanta/art/TSOs/free/Car_Green.dae"}
{"class":"TSStatic","persistentId":"8d2646c9-852c-441b-bcd9-4b16029af655","__parent":"free","position":[-103.642891,530.756775,26.3472099],"isRenderEnabled":false,"rotationMatrix":[0.999359727,0,0.0357806273,-0.000511658611,0.999897778,0.0142907314,-0.0357769728,-0.0142998807,0.999257445],"shapeName":"/levels/RoadAtlanta/art/TSOs/free/Car_Red.dae"}
{"class":"TSStatic","persistentId":"7e3ab2d8-5c36-4ba8-ab08-e2c78f0988be","__parent":"free","position":[-83.9455643,522.130432,26.7053871],"isRenderEnabled":false,"shapeName":"/levels/RoadAtlanta/art/TSOs/free/RV_Trailerp.dae"}
{"class":"TSStatic","persistentId":"0ed8b246-1274-4f4d-9d86-d02dea491ff6","__parent":"free","position":[-47.3404274,410.580231,16.5187416],"isRenderEnabled":false,"rotationMatrix":[0.0185267236,-0.997273743,-0.0714212209,0.999827027,0.0185741577,0,0.00132658891,-0.0714088678,0.997446358],"shapeName":"/levels/RoadAtlanta/art/TSOs/free/RV_Trailerp.dae"}
{"class":"TSStatic","persistentId":"801be50e-8ad7-450d-97b8-8869a7def7de","__parent":"free","position":[-72.2108841,383.022095,13.1272888],"isRenderEnabled":false,"rotationMatrix":[0.704539478,-0.708942533,-0.0319940336,0.709023178,0.701272011,0.074182339,-0.0301545039,-0.0749489143,0.996731341],"shapeName":"/levels/RoadAtlanta/art/TSOs/free/Tenty.DAE"}
{"class":"TSStatic","persistentId":"55d3a6fd-752f-47e2-9a94-a4d115932d32","__parent":"free","position":[-81.4668808,443.210571,18.6706886],"isRenderEnabled":false,"rotationMatrix":[1,0,0,0,0.997556388,0.0698671937,0,-0.0698671937,0.997556388],"shapeName":"/levels/RoadAtlanta/art/TSOs/free/Tentb.dae"}
{"class":"TSStatic","persistentId":"8ed4e091-955b-47ce-a1b1-4ee9edc7a966","__parent":"free","position":[-54.445816,425.237183,17.5670509],"isRenderEnabled":false,"rotationMatrix":[0.757479846,-0.652858615,0,0.652858615,0.757479846,0,0,0,1],"shapeName":"/levels/RoadAtlanta/art/TSOs/free/Tentw.dae"}
{"class":"TSStatic","persistentId":"ec02d632-31e8-43a7-b1f9-1829cf6f3b7c","__parent":"free","position":[-73.5144043,407.577545,14.9437828],"isRenderEnabled":false,"rotationMatrix":[0.765492499,-0.643445432,0,0.642180741,0.76398772,0.0626687855,-0.0403239578,-0.0479725003,0.998034298],"shapeName":"/levels/RoadAtlanta/art/TSOs/free/Tentr2.DAE"}
{"class":"TSStatic","persistentId":"243591f8-f021-47a1-8941-a22fe7686e8a","__parent":"free","position":[-42.0888214,439.629425,19.723135],"isRenderEnabled":false,"rotationMatrix":[1,0,0,0,0.997346222,0.0728094652,0,-0.0728094652,0.997346222],"shapeName":"/levels/RoadAtlanta/art/TSOs/free/WINNEBAGO2.dae"}
{"class":"TSStatic","persistentId":"22f3b8c6-bf1f-47c3-b89e-1bf711fe9152","__parent":"free","position":[-60.5847511,385.116119,13.7788954],"isRenderEnabled":false,"rotationMatrix":[0.998984635,-0.00449025072,0.0448279604,0,0.995020866,0.0996675491,-0.0450522825,-0.0995663553,0.994010508],"shapeName":"/levels/RoadAtlanta/art/TSOs/free/WINNEBAGO.dae"}
{"class":"TSStatic","persistentId":"3bb3d53e-292e-43ef-a0e8-33ffddd7eca5","__parent":"free","position":[-34.3817596,451.567902,21.2964058],"isRenderEnabled":false,"rotationMatrix":[0.0833157077,0.990857542,0.106112473,-0.996483564,0.0837887675,0,-0.00889103301,-0.105739333,0.994354248],"shapeName":"/levels/RoadAtlanta/art/TSOs/free/WINNEBAGO3.dae"}
{"class":"TSStatic","persistentId":"073742a0-ec25-47fa-a4b1-130cf46e25e1","__parent":"free","position":[-51.6127625,395.187592,14.9012012],"isRenderEnabled":false,"rotationMatrix":[0.308838934,0.948090732,0.0757820979,-0.950824738,0.309729487,0,-0.0234719459,-0.0720554814,0.997124553],"shapeName":"/levels/RoadAtlanta/art/TSOs/free/WINNEBAGO3.dae"}
{"class":"TSStatic","persistentId":"46e53eb0-7bc4-4969-a948-a52b1528f284","__parent":"free","position":[-253.003708,328.197723,18.7592735],"isRenderEnabled":false,"rotationMatrix":[-0.667198956,-0.733622074,0.129013017,0.739804566,-0.672821701,0,0.0868027732,0.0954443961,0.991643012],"shapeName":"/levels/RoadAtlanta/art/TSOs/free/Car_Pickup.dae"}
{"class":"TSStatic","persistentId":"7745baab-506d-4eb7-b894-96c08b22dce1","__parent":"free","position":[-246.732849,330.360626,18.1778488],"isRenderEnabled":false,"rotationMatrix":[0.990840018,0,-0.135039434,0,1,0,0.135039434,0,0.990840018],"shapeName":"/levels/RoadAtlanta/art/TSOs/free/RV_TrailerB.dae"}
{"class":"TSStatic","persistentId":"2b68c20b-160b-45b3-b646-81d5a8c80e12","__parent":"free","position":[-243.828522,337.13324,17.5752983],"isRenderEnabled":false,"shapeName":"/levels/RoadAtlanta/art/TSOs/free/Trash_Can.dae"}
{"class":"TSStatic","persistentId":"53656d9d-774e-40e3-b869-c33a453d7d67","__parent":"free","position":[-246.825684,343.72876,17.7185707],"isRenderEnabled":false,"rotationMatrix":[0.992718756,-0.00458681723,-0.120362982,-6.98491931e-10,0.999274671,-0.0380805321,0.120450325,0.0378033035,0.991998672],"shapeName":"/levels/RoadAtlanta/art/TSOs/free/Tentr.dae"}
{"class":"TSStatic","persistentId":"029d7a19-7d9e-422b-981e-b1d4636e6775","__parent":"free","position":[-263.825714,-483.967743,17.2463303],"isRenderEnabled":false,"rotationMatrix":[-0.164893523,0.986311138,0,-0.986311138,-0.164893523,0,0,0,1],"shapeName":"/levels/RoadAtlanta/art/TSOs/free/WINNEBAGO2.dae"}
{"class":"TSStatic","persistentId":"ac092d32-6821-443f-888e-ae6c90444111","__parent":"free","position":[-261.257324,-472.944336,17.2300949],"isRenderEnabled":false,"rotationMatrix":[-0.213924676,-0.976849914,0,0.976849914,-0.213924676,0,0,0,1],"shapeName":"/levels/RoadAtlanta/art/TSOs/free/WINNEBAGO.dae"}
{"class":"TSStatic","persistentId":"e8b5b13a-3d6e-42e3-a26a-38f579618ec6","__parent":"free","position":[-274.384796,-335.231354,16.1325188],"isRenderEnabled":false,"shapeName":"/levels/RoadAtlanta/art/TSOs/free/Trash_Can.dae"}
{"class":"TSStatic","persistentId":"160b88bd-d702-48fc-a981-399e212e8e87","__parent":"free","position":[-276.589783,-301.816437,17.2814445],"isRenderEnabled":false,"shapeName":"/levels/RoadAtlanta/art/TSOs/free/Trash_Can.dae"}
{"class":"TSStatic","persistentId":"8626b973-9249-4cbd-9b90-d4f371487ca0","__parent":"free","position":[-277.212677,-527.401184,18.3650398],"isRenderEnabled":false,"shapeName":"/levels/RoadAtlanta/art/TSOs/free/Car_Pickup.dae"}
{"class":"TSStatic","persistentId":"fb5db2d7-86b0-44d3-a520-c75447830fc3","__parent":"free","position":[-279.239563,-510.671753,18.1773434],"isRenderEnabled":false,"shapeName":"/levels/RoadAtlanta/art/TSOs/free/Car_Red.dae"}
{"class":"TSStatic","persistentId":"3a2eacae-1648-46ad-bda0-ca42b9a60499","__parent":"free","position":[-276.496338,-535.854004,18.4054604],"isRenderEnabled":false,"shapeName":"/levels/RoadAtlanta/art/TSOs/free/RV_TrailerR.dae"}
{"class":"TSStatic","persistentId":"5a650acc-b884-42a2-95be-3aaab2cd12e8","__parent":"free","position":[-278.884949,-263.043854,18.4711952],"isRenderEnabled":false,"shapeName":"/levels/RoadAtlanta/art/TSOs/free/RV_Trailerp.dae"}
{"class":"TSStatic","persistentId":"c196cd75-136e-476f-bdf0-8b80af2824fe","__parent":"free","position":[-277.650543,-296.307159,17.2148781],"isRenderEnabled":false,"rotationMatrix":[-0.863130391,-0.504983068,0,0.504983068,-0.863130391,0,0,0,1],"shapeName":"/levels/RoadAtlanta/art/TSOs/free/Car_Blue.dae"}
{"class":"TSStatic","persistentId":"f64364b6-9b99-4374-9722-2334d9adbbe7","__parent":"free","position":[-275.274078,-327.45282,16.0519257],"isRenderEnabled":false,"shapeName":"/levels/RoadAtlanta/art/TSOs/free/Car_Green.dae"}
{"class":"TSStatic","persistentId":"31ce73d8-13c6-4876-bed8-18d0f162df4e","__parent":"free","position":[-303.175812,-60.2773666,26.4578457],"isRenderEnabled":false,"rotationMatrix":[0.997651994,0,-0.0684876218,0,1,0,0.0684876218,0,0.997651994],"shapeName":"/levels/RoadAtlanta/art/TSOs/free/Car_Red.dae"}
{"class":"TSStatic","persistentId":"c041c9dd-c2ce-4457-836a-f8d5f7f66992","__parent":"free","position":[-298.973145,-91.175354,24.7774792],"isRenderEnabled":false,"rotationMatrix":[0.849201083,-0.52541393,-0.0528900027,0.524397552,0.850846648,-0.0326606035,0.0621616095,2.13677094e-08,0.998065948],"shapeName":"/levels/RoadAtlanta/art/TSOs/free/Car_Pickup.dae"}
{"class":"TSStatic","persistentId":"71275e8e-2e37-4f75-87e2-2577113e8a68","__parent":"free","position":[-299.173492,-86.3422165,25.081171],"isRenderEnabled":false,"shapeName":"/levels/RoadAtlanta/art/TSOs/free/Trash_Can.dae"}
{"class":"TSStatic","persistentId":"2fff7c8a-d191-42e7-a074-6a8559e2cf24","__parent":"free","position":[-349.747742,508.762054,32.9700241],"isRenderEnabled":false,"rotationMatrix":[0.998336017,0.000735467416,-0.0576657206,-2.32830644e-10,0.99991852,0.0127529455,0.0576704331,-0.0127317198,0.998254657],"shapeName":"/levels/RoadAtlanta/art/TSOs/free/Tentb.dae"}
{"class":"TSStatic","persistentId":"5b27cfe5-b478-4cf2-8a2c-e3365761d79b","__parent":"free","position":[-311.077026,436.05484,26.5521393],"isRenderEnabled":false,"rotationMatrix":[0.722164452,0.690629482,-0.0388384983,-0.682015061,0.720281303,0.126681879,0.115464941,-0.0649966821,0.991182685],"shapeName":"/levels/RoadAtlanta/art/TSOs/free/Tentw.dae"}
{"class":"TSStatic","persistentId":"688ea146-b541-4653-971d-398bdbaeb446","__parent":"free","position":[-340.089386,468.884491,30.8890667],"isRenderEnabled":false,"rotationMatrix":[0.854318738,0.518956304,0.0286990032,-0.519419074,0.850507975,0.0827066824,0.0185124166,-0.085564658,0.996160865],"shapeName":"/levels/RoadAtlanta/art/TSOs/free/Tentr2.DAE"}
{"class":"TSStatic","persistentId":"8ff4233b-9e64-4a13-859d-e9551e921fae","__parent":"free","position":[-304.852081,409.881165,24.4954929],"isRenderEnabled":false,"rotationMatrix":[0.826854289,0.5624125,0.00192196108,-0.560712993,0.82407999,0.0805799589,0.0437353402,-0.0677055717,0.996746361],"shapeName":"/levels/RoadAtlanta/art/TSOs/free/Tentr.dae"}
{"class":"TSStatic","persistentId":"51b9a84f-377f-4302-9045-8ec23f2c4ce3","__parent":"free","position":[-313.923859,426.547699,26.1506214],"isRenderEnabled":false,"rotationMatrix":[-0.0222327709,-0.998090625,-0.0576275215,0.997578263,-0.0183477402,-0.0670902655,0.0659048334,-0.0589795597,0.996081293],"shapeName":"/levels/RoadAtlanta/art/TSOs/free/WINNEBAGO2.dae"}
{"class":"TSStatic","persistentId":"bff6cdd4-e124-4443-a7d2-d0769260e9bd","__parent":"free","position":[-342.449127,476.708099,31.823061],"isRenderEnabled":false,"rotationMatrix":[-0.963828027,-0.266529262,0,0.266529262,-0.963828027,0,0,0,1],"shapeName":"/levels/RoadAtlanta/art/TSOs/free/RV_Trailerp.dae"}
{"class":"TSStatic","persistentId":"da33ccc6-6b66-4461-a8ba-873e611381bd","__parent":"free","position":[-346.469421,500.942078,32.9100952],"isRenderEnabled":false,"shapeName":"/levels/RoadAtlanta/art/TSOs/free/RV_TrailerT.dae"}
{"class":"TSStatic","persistentId":"70618ad5-9da6-47a3-a77a-0bcedd9c8d63","__parent":"free","position":[-343.213013,489.122803,32.136322],"isRenderEnabled":false,"rotationMatrix":[0.0934912637,-0.994908154,-0.0376657844,0.99555552,0.0938519165,-0.00792043936,0.0114151109,-0.036757879,0.999258816],"shapeName":"/levels/RoadAtlanta/art/TSOs/free/WINNEBAGO3.dae"}
{"class":"TSStatic","persistentId":"8ffdd182-54aa-4a15-b8bf-5eedb32dd8f8","__parent":"free","position":[-309.172638,418.70752,25.4500237],"isRenderEnabled":false,"rotationMatrix":[-0.0222322904,-0.998090506,-0.0576275773,0.997578323,-0.0183472335,-0.0670903102,0.0659049153,-0.0589795895,0.996081352],"shapeName":"/levels/RoadAtlanta/art/TSOs/free/WINNEBAGO.dae"}
{"class":"TSStatic","persistentId":"45d5e6ac-1315-47c1-a11f-022cbc47911f","__parent":"free","position":[-351.068176,-394.963684,13.9953976],"isRenderEnabled":false,"shapeName":"/levels/RoadAtlanta/art/TSOs/free/Tentw.dae"}
{"class":"TSStatic","persistentId":"9cf72eaf-00e9-4827-9dc0-38b7b3016b97","__parent":"free","position":[-301.366211,-80.1587219,25.5562782],"isRenderEnabled":false,"rotationMatrix":[0.997256219,0.00321089057,-0.0739544928,4.65661287e-10,0.999058545,0.0433762372,0.0740241706,-0.043257229,0.996317804],"shapeName":"/levels/RoadAtlanta/art/TSOs/free/Tentw.dae"}
{"class":"TSStatic","persistentId":"2d45e605-ba1b-47d2-9cf4-2593a23c7e54","__parent":"free","position":[-301.796967,-69.0112762,25.9376888],"isRenderEnabled":false,"rotationMatrix":[0.993633986,0.0036369306,-0.112598605,0.000868204166,0.99920243,0.0399357304,0.112654008,-0.0397792235,0.992838085],"shapeName":"/levels/RoadAtlanta/art/TSOs/free/Tentr.dae"}
{"class":"TSStatic","persistentId":"41f98aea-a568-427d-8f4d-2a24ba12f0ad","__parent":"free","position":[-278.666046,-274.178955,18.1870441],"isRenderEnabled":false,"shapeName":"/levels/RoadAtlanta/art/TSOs/free/Tentw.dae"}
{"class":"TSStatic","persistentId":"c5ff29c5-803a-4c98-82cb-f0123358d8a2","__parent":"free","position":[-277.108734,-287.904755,17.8020363],"isRenderEnabled":false,"shapeName":"/levels/RoadAtlanta/art/TSOs/free/Tentblk.DAE"}
{"class":"TSStatic","persistentId":"794fd438-a761-4a46-90f5-163947d9489f","__parent":"free","position":[-274.24884,-312.681091,16.4306374],"isRenderEnabled":false,"rotationMatrix":[0.999805987,-0.00118930009,0.019650327,0.000524574192,0.999428928,0.0337983407,-0.0196793023,-0.0337814726,0.999235272],"shapeName":"/levels/RoadAtlanta/art/TSOs/free/Tentr2.DAE"}
{"class":"TSStatic","persistentId":"01c01578-f9dc-4250-819d-1a697f185d7d","__parent":"free","position":[-269.793671,-351.742401,15.3301411],"isRenderEnabled":false,"rotationMatrix":[0.999584973,2.91038305e-11,0.0288093016,-0.000414717098,0.999896407,0.0143892746,-0.0288063157,-0.01439525,0.99948138],"shapeName":"/levels/RoadAtlanta/art/TSOs/free/Tentw.dae"}
{"class":"TSStatic","persistentId":"c5da1278-c885-4cbe-907a-5e6fc4067ad6","__parent":"free","position":[-274.253174,-320.610229,16.2738647],"isRenderEnabled":false,"rotationMatrix":[0.999837279,0,0.0180424862,0,1,0,-0.0180424862,0,0.999837279],"shapeName":"/levels/RoadAtlanta/art/TSOs/free/Tenty.DAE"}
{"class":"TSStatic","persistentId":"ac7d755e-1e1a-4e69-ab9a-99f1fa42bc85","__parent":"free","position":[-228.415482,-336.495636,17.6949196],"isRenderEnabled":false,"shapeName":"/levels/RoadAtlanta/art/TSOs/free/Tentw.dae"}
{"class":"TSStatic","persistentId":"634308b8-b061-46c7-96d9-918a57ba3150","__parent":"free","position":[-227.739166,-353.522644,17.6065407],"isRenderEnabled":false,"shapeName":"/levels/RoadAtlanta/art/TSOs/free/Tentblk.DAE"}
{"class":"TSStatic","persistentId":"4f88192b-15ec-4fc6-a9de-fc87ad53432d","__parent":"free","position":[-205.989227,-498.633606,19.7395248],"isRenderEnabled":false,"rotationMatrix":[0.999933004,-1.16415322e-10,0.0115621444,-0.000307120412,0.999647141,0.0265608002,-0.0115580698,-0.0265625808,0.999580145],"shapeName":"/levels/RoadAtlanta/art/TSOs/free/Tentr2.DAE"}
{"class":"TSStatic","persistentId":"8c3dff85-b663-4993-943d-02bd1635fd1f","__parent":"free","position":[-259.596252,-526.676147,16.2540131],"isRenderEnabled":false,"rotationMatrix":[1,0,0,0,0.99798876,0.0633906722,0,-0.0633906722,0.99798876],"shapeName":"/levels/RoadAtlanta/art/TSOs/free/Tentb.dae"}
{"class":"TSStatic","persistentId":"29f4d763-e027-4c6e-b6b0-8b4f0b5c701f","__parent":"free","position":[-251.752426,-517.506348,16.7928371],"isRenderEnabled":false,"rotationMatrix":[1,0,0,0,0.999243021,0.0388957113,0,-0.0388957113,0.999243021],"shapeName":"/levels/RoadAtlanta/art/TSOs/free/Tentw.dae"}
{"class":"TSStatic","persistentId":"18b91c55-b00b-49f2-9f91-9392f43481da","__parent":"free","position":[-253.492844,-540.683105,15.5146179],"isRenderEnabled":false,"rotationMatrix":[1,0,0,0,0.99853754,0.0540590137,0,-0.0540590137,0.99853754],"shapeName":"/levels/RoadAtlanta/art/TSOs/free/Tentr.dae"}
{"class":"TSStatic","persistentId":"2e6b3b75-e272-4725-849e-c52f5a77f682","__parent":"free","position":[-202.497253,-509.921326,19.3382549],"isRenderEnabled":false,"shapeName":"/levels/RoadAtlanta/art/TSOs/free/Car_Green.dae"}
{"name":"tents","class":"SimGroup","persistentId":"54186174-3572-4467-87b9-8b1963152969","__parent":"free"}
{"name":"Buildings","class":"SimGroup","persistentId":"8ab54937-f598-4324-bb8b-ca074e2b3ee4","__parent":"free"}
{"name":"Cones_orng","class":"SimGroup","persistentId":"67ddc868-aa85-441d-bf07-0a78f5a0910c","__parent":"free"}
{"name":"Trash_cans","class":"SimGroup","persistentId":"19000efb-5c6f-496b-95f5-b17e227d216c","__parent":"free"}
{"name":"Posts","class":"SimGroup","persistentId":"1afba5ab-e158-4604-b0bb-a2e98593cf88","__parent":"free"}
{"name":"Winn","class":"SimGroup","persistentId":"84e2d041-87f3-431a-855b-fa58cf2d3ab2","__parent":"free"}
{"name":"RVs","class":"SimGroup","persistentId":"891744d8-0bb8-4972-b29b-f726c07ad6cf","__parent":"free"}
{"name":"vehicles","class":"SimGroup","persistentId":"b6246a35-5895-44d7-9d12-6827fe1dda4e","__parent":"free"}
