{"class":"DecalRoad","persistentId":"0fb13fa0-c64f-4ade-a57c-e538af493aa0","__parent":"circuitterre","position":[1279.26807,1275.48438,-412.442871],"material":"BNG_Road_Dirt","nodes":[[1279.26807,1275.48438,-412.442871,10],[1274.20557,1285.20715,-412.274048,10],[1274.32031,1293.79297,-412.090149,10],[1279.22498,1301.72803,-411.944,10],[1285.9696,1306.19666,-411.944,10],[1295.04224,1306.17761,-411.944,10],[1302.03894,1301.46985,-411.710938,10]]}
{"class":"DecalRoad","persistentId":"2054086e-98dc-4d6d-9726-f46841d0d999","__parent":"circuitterre","position":[1351.40918,1318.3606,-411.944],"drivability":1,"material":"Asphalt","nodes":[[1351.40918,1318.3606,-411.944,8],[1301.93677,1369.05054,-411.944,8]],"renderPriority":13}
{"class":"DecalRoad","persistentId":"3889e10e-79cd-4f97-93d4-05c01770e818","__parent":"circuitterre","position":[1350.62073,1315.61951,-411.944],"material":"BNG_Asphalt_decal","nodes":[[1350.62073,1315.61951,-411.944,10],[1352.07971,1310.84253,-411.944,8]],"renderPriority":7}
{"class":"DecalRoad","persistentId":"44d021e0-347b-4821-9dd8-7ddb9431c4c1","__parent":"circuitterre","position":[1251.54688,1358.18176,-411.944],"breakAngle":2,"drivability":0.5,"material":"BNG_Road_Dirt","nodes":[[1251.54688,1358.18176,-411.944,15],[1279.70972,1327.35791,-411.944,15],[1313.51257,1289.1748,-411.857849,15],[1331.54492,1271.22241,-411.944,15],[1349.47412,1259.40149,-411.944,15],[1364.13892,1252.52405,-411.824036,15],[1374.46436,1243.44641,-410.44754,15],[1377.42554,1233.20166,-410.545227,15],[1375.61121,1223.37451,-411.447937,15],[1373.68787,1214.78186,-411.910553,15],[1377.30933,1206.86182,-411.944,15],[1385.4989,1202.9325,-411.944,15],[1394.87366,1203.35449,-411.944,15],[1406.00574,1203.48828,-411.944,15],[1415.57654,1195.9541,-411.944,15],[1414.73828,1183.54846,-411.944,15],[1406.18152,1172.98694,-411.944,15],[1402.02332,1161.21057,-410.720062,15],[1401.06787,1137.27637,-406.58255,15],[1412.17725,1122.21313,-404.183929,15],[1425.07935,1106.69299,-403.136719,15],[1424.52661,1080.09949,-404.598999,15],[1424.23364,1043.5614,-408.93512,15],[1424.03967,1001.901,-411.181335,15],[1426.24048,957.609802,-411.00708,15],[1412.55322,945.374146,-409.101562,15],[1399.4325,958.853516,-410.502533,15],[1400.84436,1016.05011,-411.163361,15],[1403.47314,1040.81213,-405.771759,15],[1405.50781,1057.89099,-403.422668,12],[1398.93494,1074.40161,-403.276581,17],[1381.30286,1082.69629,-404.680176,20],[1365.8374,1094.65247,-403.384064,11],[1364.57727,1121.66821,-408.011505,18],[1366.97241,1152.16418,-412.128693,15],[1363.42664,1169.59412,-411.954315,10],[1351.52832,1182.33997,-412.072174,10],[1327.03149,1202.33728,-412.057678,10],[1307.27869,1240.30713,-412.174255,15],[1282.92786,1271.30774,-412.460785,15],[1247.39734,1305.81165,-410.872498,15],[1207.1239,1333.75452,-408.421173,15],[1174.00085,1348.72668,-411.813324,15],[1130.96228,1363.22754,-408.113037,15],[1093.28882,1370.93091,-411.882446,15],[1058.10974,1378.19104,-412.804321,15],[1034.29382,1382.1156,-411.648621,15],[1018.01794,1397.38757,-409.722961,15],[1017.84308,1419.04492,-408.856018,15],[1030.80908,1435.3407,-409.448242,15],[1053.45715,1437.10742,-411.354706,15],[1080.1676,1428.0885,-411.944,15],[1108.34424,1414.67444,-410.889008,15],[1131.50854,1391.68909,-405.513092,15],[1155.83167,1386.55811,-406.946625,15],[1183.6095,1391.46484,-411.284424,15],[1205.91687,1392.40588,-411.944,15],[1226.91699,1383.21106,-411.944,15],[1241.54089,1369.1582,-411.944,15],[1251.59241,1358.16846,-411.944,15]],"renderPriority":7,"textureLength":10}
{"class":"DecalRoad","persistentId":"53c25070-a220-4f79-985a-8cf9bbc55c06","__parent":"circuitterre","position":[1222.71289,1390.80713,-411.944],"drivability":1,"material":"AsphaltRoad_02_d","nodes":[[1222.71289,1390.80713,-411.944,5],[1232.65466,1389.18018,-411.944,5],[1247.14819,1385.48718,-411.944,5],[1263.07996,1376.86401,-411.944,5],[1284.59314,1362.88281,-411.944,5],[1295.59033,1352.68201,-411.944,8],[1320.23376,1325.66162,-411.944,8],[1327.99695,1315.88098,-411.944,5],[1333.25146,1305.54858,-411.944,5],[1334.53284,1292.78284,-411.944,5],[1334.97119,1284.60974,-411.944,5],[1338.23706,1275.34619,-411.944,5],[1347.21741,1265.2334,-411.944,5]]}
{"class":"DecalRoad","persistentId":"5af572fc-0358-4d81-a688-7475ce314a4f","__parent":"circuitterre","position":[1394.72974,1298.82617,-411.944],"breakAngle":2,"drivability":1,"material":"AsphaltRoad_02_d","nodes":[[1394.72974,1298.82617,-411.944,8],[1389.64929,1295.15515,-411.944,6],[1380.25159,1288.51746,-411.944,6],[1370.12817,1284.48682,-411.944,6],[1361.04968,1288.42249,-411.944,6.5],[1353.92554,1305.12244,-411.944,7],[1350.87939,1314.5387,-411.944,9]],"renderPriority":12,"textureLength":10}
{"class":"DecalRoad","persistentId":"71a2957e-a750-447f-92a4-d5b957d800d0","__parent":"circuitterre","position":[1305.61731,1241.99451,-412.199799],"material":"BNG_Road_Dirt","nodes":[[1305.61731,1241.99451,-412.199799,15],[1327.09558,1207.47827,-412.028748,10],[1344.16992,1188.54736,-412.200562,15],[1360.34595,1173.05493,-411.983459,15],[1367.31519,1141.17676,-411.536102,15],[1364.33411,1109.86792,-405.331543,15]],"renderPriority":6,"startEndFade":[1,1],"textureLength":10}
{"class":"DecalRoad","persistentId":"8c57253c-fe7f-47b3-9a52-61d75e6d2590","__parent":"circuitterre","position":[1350.08801,1313.17712,-411.944],"drivability":1,"material":"Asphalt","nodes":[[1350.08801,1313.17712,-411.944,5],[1341.60974,1321.8501,-411.944,5],[1328.12195,1335.16309,-411.944,5],[1309.96741,1353.30042,-411.944,5],[1300.72607,1362.77747,-411.944,5],[1298.61475,1366.85876,-411.944,5],[1300.05591,1369.69897,-411.944,5],[1302.76038,1371.98901,-411.944,5],[1305.7926,1371.84802,-411.944,5],[1308.91174,1369.02893,-411.944,5],[1315.22681,1362.46167,-411.944,5],[1333.01965,1344.75,-411.944,5],[1348.76208,1328.71875,-411.944,5],[1353.5553,1324.02893,-411.944,5],[1354.73132,1319.53735,-411.944,5],[1351.19604,1315.41956,-411.944,5]],"renderPriority":12}
{"class":"DecalRoad","persistentId":"a305ddc8-8221-469e-83a6-5ca98f4da059","__parent":"circuitterre","position":[1282.14807,1325.81738,-411.944],"material":"BNG_Road_Dirt","nodes":[[1282.14807,1325.81738,-411.944,10],[1284.62598,1317.22034,-411.944,10],[1282.56958,1305.90735,-411.944,10],[1274.64941,1297.59656,-411.86084,10],[1265.62732,1295.80933,-412.313477,10],[1253.81763,1300.56873,-412.402008,10]],"renderPriority":11}
{"class":"DecalRoad","persistentId":"e609c66b-6ea9-48e2-ae94-9b9b666edc21","__parent":"circuitterre","position":[1318.70679,1343.74512,-411.944],"drivability":1,"material":"AsphaltRoad_track","nodes":[[1318.70679,1343.74512,-411.944,10],[1312.67639,1338.11682,-411.944,10]],"renderPriority":12}
{"class":"TSStatic","persistentId":"00425263-7997-4057-a5a2-7a72348345e0","__parent":"circuitterre","position":[1350.23999,1192.31006,-413.471985],"allowPlayerStep":"1","collisionType":"Visible Mesh Final","decalType":"Visible Mesh Final","isRenderEnabled":false,"rotationMatrix":[0.795605302,-0.605815351,0,0.605815351,0.795605302,0,0,0,1],"scale":[3,3,0.699999988],"shapeName":"/levels/atoll/art/shapes/sketchup/panneaupub/panneaupubmunsterenergy.dae"}
{"class":"TSStatic","persistentId":"005ee1ba-388e-41f6-8764-2bdc8f1a92a8","__parent":"circuitterre","position":[1394.18005,959.330994,-413.058014],"allowPlayerStep":"1","isRenderEnabled":false,"rotationMatrix":[-0.214947581,0.97159332,-0.0990145206,-0.975361645,-0.208406925,0.0723607838,0.0496699363,0.112128735,0.992451549],"scale":[3.03540993,1,3.36040998],"shapeName":"/levels/atoll/art/shapes/race/race_arrowsign_1_R.dae"}
{"class":"TSStatic","persistentId":"0085ca70-f213-42d4-a0ea-6cf59f38d3c7","__parent":"circuitterre","position":[1345.44995,1195.90002,-413.472992],"allowPlayerStep":"1","collisionType":"Visible Mesh Final","decalType":"Visible Mesh Final","isRenderEnabled":false,"rotationMatrix":[0.80009079,-0.599878907,0,0.599878907,0.80009079,0,0,0,1],"scale":[3,3,0.699999988],"shapeName":"/levels/atoll/art/shapes/sketchup/panneaupub/panneaupubnodule.dae"}
{"class":"TSStatic","persistentId":"031a0aa3-9b77-41e7-952c-cdc18678aabd","__parent":"circuitterre","position":[1356.02002,1167.46997,-412.192993],"allowPlayerStep":"1","isRenderEnabled":false,"rotationMatrix":[0.433528543,-0.901139855,0,0.901139855,0.433528543,0,0,0,1],"shapeName":"/levels/atoll/art/shapes/misc/RoadBarrier-01a.dae"}
{"class":"TSStatic","persistentId":"03bc705a-216d-496c-b322-6b7ddd044d60","__parent":"circuitterre","position":[1211.46997,1399.52002,-412.002014],"allowPlayerStep":"1","isRenderEnabled":false,"rotationMatrix":[0.968375087,-0.249498859,0,0.249498859,0.968375087,0,0,0,1],"shapeName":"/levels/atoll/art/shapes/misc/RoadBarrier-01a.dae"}
{"class":"TSStatic","persistentId":"04105a5e-c630-4d5f-a9f8-15b46a44b803","__parent":"circuitterre","position":[1394.54004,1062.90002,-404.281006],"allowPlayerStep":"1","isRenderEnabled":false,"rotationMatrix":[0.781807065,-0.623520374,0,0.623520374,0.781807065,0,0,0,1],"shapeName":"/levels/atoll/art/shapes/misc/RoadBarrier-01a.dae"}
{"class":"TSStatic","persistentId":"0485631d-b071-4437-a644-9c1b64d5142d","__parent":"circuitterre","position":[1419.93994,1185.05005,-412.002014],"allowPlayerStep":"1","isRenderEnabled":false,"rotationMatrix":[-0.25438261,-0.96710366,0,0.96710366,-0.25438261,0,0,0,1],"shapeName":"/levels/atoll/art/shapes/misc/RoadBarrier-01a.dae"}
{"class":"TSStatic","persistentId":"04b4c146-bdee-4897-83a7-60864593313c","__parent":"circuitterre","position":[1011.89001,1387.70996,-409.550995],"allowPlayerStep":"1","collisionType":"Visible Mesh Final","decalType":"Visible Mesh Final","isRenderEnabled":false,"rotationMatrix":[-0.323675275,0.93565619,0.140648544,-0.946168303,-0.320079088,-0.0481152125,-6.48200512e-07,-0.148650885,0.988889754],"scale":[5,3,2],"shapeName":"/levels/atoll/art/shapes/sketchup/panneaupub/panneaupubnodule.dae"}
{"class":"TSStatic","persistentId":"05484d64-dc07-4edf-b70b-76ede05228e6","__parent":"circuitterre","position":[1273.29004,1375.62,-412.002014],"allowPlayerStep":"1","isRenderEnabled":false,"rotationMatrix":[0.847018719,-0.531563044,0,0.531563044,0.847018719,0,0,0,1],"shapeName":"/levels/atoll/art/shapes/misc/RoadBarrier-01a.dae"}
{"class":"TSStatic","persistentId":"092168c0-fa67-4673-8bc5-06ba734dfd6c","__parent":"circuitterre","position":[1357.65002,1161.34998,-412.171997],"allowPlayerStep":"1","isRenderEnabled":false,"rotationMatrix":[0.0943410397,-0.995539904,0,0.995539904,0.0943410397,0,0,0,1],"shapeName":"/levels/atoll/art/shapes/misc/RoadBarrier-01a.dae"}
{"class":"TSStatic","persistentId":"0b254b2a-56f1-4815-bcc6-9bf3b4c883df","__parent":"circuitterre","position":[1106.13,1405.95996,-410.471008],"allowPlayerStep":"1","isRenderEnabled":false,"rotationMatrix":[0.700230598,-0.682063878,0.210869312,0.708834827,0.699406326,-0.0915640518,-0.0850307941,0.213587463,0.973216414],"scale":[1.65627003,1.44858003,1.23512006],"shapeName":"/levels/atoll/art/shapes/misc/RoadBarrier-01b.dae"}
{"class":"TSStatic","persistentId":"0c75e9ae-4c57-4059-8a4e-70481d9facea","__parent":"circuitterre","position":[1026.22998,1379.39001,-413.906006],"allowPlayerStep":"1","isRenderEnabled":false,"rotationMatrix":[-0.814241529,0.550660551,0.183803871,-0.559680283,-0.828701973,0.00336542726,0.15417181,-0.100131109,0.982957184],"scale":[3.03540993,1,3.47429991],"shapeName":"/levels/atoll/art/shapes/race/race_arrowsign_1_R.dae"}
{"class":"TSStatic","persistentId":"0d0f9671-2418-4454-aed6-2395e64cd637","__parent":"circuitterre","position":[1190.20996,1401.28003,-412.002014],"allowPlayerStep":"1","isRenderEnabled":false,"rotationMatrix":[0.996875525,0.0789881721,0,-0.0789881721,0.996875525,0,0,0,1],"shapeName":"/levels/atoll/art/shapes/misc/RoadBarrier-01a.dae"}
{"class":"TSStatic","persistentId":"0dd8298c-5711-4a18-a894-9b04784f45da","__parent":"circuitterre","position":[1019.69,1384.81006,-412.644012],"allowPlayerStep":"1","isRenderEnabled":false,"rotationMatrix":[-0.716299772,0.689076722,0.109947599,-0.692632735,-0.72124815,0.00784550607,0.0847056285,-0.0705335662,0.993906438],"scale":[3.03540993,1,3.47429991],"shapeName":"/levels/atoll/art/shapes/race/race_arrowsign_1_R.dae"}
{"class":"TSStatic","persistentId":"0f5cb3db-f538-4668-97b3-bb8bf28db23a","__parent":"circuitterre","position":[1164.02002,1379.63,-412.338013],"allowPlayerStep":"1","isRenderEnabled":false,"rotationMatrix":[-0.98149538,-0.124501057,0.14548555,0.127287403,-0.991815686,0.00996596739,0.143054098,0.028300032,0.989310205],"scale":[3.03540993,1,3.36040998],"shapeName":"/levels/atoll/art/shapes/race/race_arrowsign_1_R.dae"}
{"class":"TSStatic","persistentId":"1005e57e-674f-49d7-acf7-3fb67c700fc7","__parent":"circuitterre","position":[1187.21997,1401.04004,-411.971985],"allowPlayerStep":"1","isRenderEnabled":false,"rotationMatrix":[0.996875525,0.0789881721,0,-0.0789881721,0.996875525,0,0,0,1],"shapeName":"/levels/atoll/art/shapes/misc/RoadBarrier-01a.dae"}
{"class":"TSStatic","persistentId":"11bd9476-b338-4b74-a640-e73747fc7185","__parent":"circuitterre","position":[1332.08997,1209.20996,-412.126007],"allowPlayerStep":"1","isRenderEnabled":false,"rotationMatrix":[0.583298683,-0.812257767,0,0.812257767,0.583298683,0,0,0,1],"shapeName":"/levels/atoll/art/shapes/misc/RoadBarrier-01a.dae"}
{"class":"TSStatic","persistentId":"133015bc-a732-4cec-b856-7d2c90b24dbd","__parent":"circuitterre","position":[1205.46997,1400.52002,-412.002014],"allowPlayerStep":"1","isRenderEnabled":false,"rotationMatrix":[0.990565717,-0.137038484,0,0.137038484,0.990565717,0,0,0,1],"shapeName":"/levels/atoll/art/shapes/misc/RoadBarrier-01a.dae"}
{"class":"TSStatic","persistentId":"13418c22-a70c-4b87-8f87-2bae6d81eb63","__parent":"circuitterre","position":[1196.43994,1401.28003,-412.002014],"allowPlayerStep":"1","isRenderEnabled":false,"rotationMatrix":[0.999445736,-0.0332905725,0,0.0332905725,0.999445736,0,0,0,1],"shapeName":"/levels/atoll/art/shapes/misc/RoadBarrier-01a.dae"}
{"class":"TSStatic","persistentId":"13bb0dc9-5bc6-48f8-8236-b15a5f3e8f76","__parent":"circuitterre","position":[1371.38,1078.03003,-406.264008],"allowPlayerStep":"1","isRenderEnabled":false,"rotationMatrix":[-0.681392193,0.727547765,0.0798699185,-0.728550434,-0.684662938,0.0212398171,0.070136942,-0.0437166095,0.996578991],"scale":[3.03540993,1,3.36040998],"shapeName":"/levels/atoll/art/shapes/race/race_arrowsign_1_R.dae"}
{"class":"TSStatic","persistentId":"140efed0-96de-45be-84a4-a03305d4f0ab","__parent":"circuitterre","position":[1411,941.353027,-411.722992],"allowPlayerStep":"1","isRenderEnabled":false,"rotationMatrix":[-0.994951248,0.100307032,-0.0033591534,-0.100267246,-0.991978765,0.0769769922,0.00438912446,0.0769251361,0.997027218],"scale":[3.03540993,1,3.36040998],"shapeName":"/levels/atoll/art/shapes/race/race_arrowsign_1_R.dae"}
{"class":"TSStatic","persistentId":"15b91254-24aa-478f-9719-2af6fbfa3cca","__parent":"circuitterre","position":[1317.88,1301.92004,-412.002014],"allowPlayerStep":"1","isRenderEnabled":false,"rotationMatrix":[0.574996471,-0.818155885,0,0.818155885,0.574996471,0,0,0,1],"shapeName":"/levels/atoll/art/shapes/misc/RoadBarrier-01a.dae"}
{"class":"TSStatic","persistentId":"15ea8cc4-6866-4478-a169-64831ae79c64","__parent":"circuitterre","position":[1393.97998,1147.45996,-412.101013],"allowPlayerStep":"1","isRenderEnabled":false,"rotationMatrix":[0.0246556401,0.984012485,-0.176384538,-0.999081612,0.0304387808,0.0301565602,0.0350433663,0.175479025,0.983859301],"scale":[3.03540993,1,3.36040998],"shapeName":"/levels/atoll/art/shapes/race/race_arrowsign_1_R.dae"}
{"class":"TSStatic","persistentId":"16d028e5-0cd8-4e63-a85b-1c52a7b44e99","__parent":"circuitterre","position":[1363.79004,1180.39001,-413.454987],"allowPlayerStep":"1","collisionType":"Visible Mesh Final","decalType":"Visible Mesh Final","isRenderEnabled":false,"rotationMatrix":[0.573369145,-0.819297135,0,0.819297135,0.573369145,0,0,0,1],"scale":[3,3,0.699999988],"shapeName":"/levels/atoll/art/shapes/sketchup/panneaupub/panneaupubbridgetjones.dae"}
{"class":"TSStatic","persistentId":"16d681df-7120-481a-9047-321810eaafd8","__parent":"circuitterre","position":[1330.43005,1190.12,-414.019012],"allowPlayerStep":"1","collisionType":"Visible Mesh Final","decalType":"Visible Mesh Final","isRenderEnabled":false,"rotationMatrix":[-0.730138421,0.683299184,0,-0.683299184,-0.730138421,0,0,0,1],"scale":[3,3,0.699999988],"shapeName":"/levels/atoll/art/shapes/sketchup/panneaupub/panneaupubmicheline.dae"}
{"class":"TSStatic","persistentId":"16dae226-0cec-4b02-81be-db81f3b2ea13","__parent":"circuitterre","position":[1245.48999,1377.68005,-412.002014],"allowPlayerStep":"1","isRenderEnabled":false,"rotationMatrix":[0.702173948,-0.712005436,0,0.712005436,0.702173948,0,0,0,1],"shapeName":"/levels/atoll/art/shapes/misc/RoadBarrier-01a.dae"}
{"class":"TSStatic","persistentId":"176df8e7-db8b-4cc7-8af8-b4fcd547638b","__parent":"circuitterre","position":[1348.5,1174.38,-413.816986],"allowPlayerStep":"1","collisionType":"Visible Mesh Final","decalType":"Visible Mesh Final","isRenderEnabled":false,"rotationMatrix":[-0.766582847,0.642145395,0,-0.642145395,-0.766582847,0,0,0,1],"scale":[3,3,0.699999988],"shapeName":"/levels/atoll/art/shapes/sketchup/panneaupub/panneaupubcasserole.dae"}
{"class":"TSStatic","persistentId":"1a170bf3-6624-4dc2-bd68-12d96393f7db","__parent":"circuitterre","position":[1184.18994,1400.80005,-411.833008],"allowPlayerStep":"1","isRenderEnabled":false,"rotationMatrix":[0.996875525,0.0789881721,0,-0.0789881721,0.996875525,0,0,0,1],"shapeName":"/levels/atoll/art/shapes/misc/RoadBarrier-01a.dae"}
{"class":"TSStatic","persistentId":"1a2aba7e-3cac-4a24-acce-57d3f694c1d6","__parent":"circuitterre","position":[1327.56995,1292.10999,-412.002014],"allowPlayerStep":"1","isRenderEnabled":false,"rotationMatrix":[0.928631306,0.371003836,0,-0.371003836,0.928631306,0,0,0,1],"shapeName":"/levels/atoll/art/shapes/misc/RoadBarrier-01a.dae"}
{"class":"TSStatic","persistentId":"1a9fecdc-5fbf-4450-8f72-7dcf6da2af5f","__parent":"circuitterre","position":[1361.26001,1243.31006,-412.002014],"allowPlayerStep":"1","isRenderEnabled":false,"rotationMatrix":[0.823987544,-0.566607893,0,0.566607893,0.823987544,0,0,0,1],"shapeName":"/levels/atoll/art/shapes/misc/RoadBarrier-01a.dae"}
{"class":"TSStatic","persistentId":"1aa6a2c7-bc05-4603-9989-fd91716021e4","__parent":"circuitterre","position":[1268.55005,1353.96997,-411.251007],"allowPlayerStep":"1","isRenderEnabled":false,"rotationMatrix":[0.702173948,-0.712005436,0,0.712005436,0.702173948,0,0,0,1],"shapeName":"/levels/atoll/art/shapes/misc/RoadBarrier-01a.dae"}
{"class":"TSStatic","persistentId":"1b155631-a50b-4412-9ad3-7dcd3cb6a57d","__parent":"circuitterre","position":[1268.12,1378.85999,-412.002014],"allowPlayerStep":"1","isRenderEnabled":false,"rotationMatrix":[0.847018719,-0.531563044,0,0.531563044,0.847018719,0,0,0,1],"shapeName":"/levels/atoll/art/shapes/misc/RoadBarrier-01a.dae"}
{"class":"TSStatic","persistentId":"1b6fa3df-a6c3-4beb-9fef-b0d29e02a8b2","__parent":"circuitterre","position":[1391.31006,1210.91003,-412.002014],"allowPlayerStep":"1","isRenderEnabled":false,"rotationMatrix":[0.985885799,-0.167419121,0,0.167419121,0.985885799,0,0,0,1],"shapeName":"/levels/atoll/art/shapes/misc/RoadBarrier-01a.dae"}
{"class":"TSStatic","persistentId":"1be92704-a0d2-46bd-977c-e8777578196f","__parent":"circuitterre","position":[1340.06006,1283.23999,-412.002014],"allowPlayerStep":"1","isRenderEnabled":false,"rotationMatrix":[0.0713229179,-0.997453272,0,0.997453272,0.0713229179,0,0,0,1],"shapeName":"/levels/atoll/art/shapes/misc/RoadBarrier-01a.dae"}
{"class":"TSStatic","persistentId":"1c782742-5675-40b5-b132-d64e600dfd9d","__parent":"circuitterre","position":[1257.72998,1385.06995,-412.002014],"allowPlayerStep":"1","isRenderEnabled":false,"rotationMatrix":[0.87704277,-0.480412334,0,0.480412334,0.87704277,0,0,0,1],"shapeName":"/levels/atoll/art/shapes/misc/RoadBarrier-01a.dae"}
{"class":"TSStatic","persistentId":"1d728046-5b66-45fa-a208-2ebb33c82734","__parent":"circuitterre","position":[1400.58997,941.382019,-408.824005],"allowPlayerStep":"1","collisionType":"Visible Mesh Final","decalType":"Visible Mesh Final","isRenderEnabled":false,"rotationMatrix":[-0.842969418,0.537961602,0,-0.537961602,-0.842969418,0,0,0,1],"scale":[4,3,2],"shapeName":"/levels/atoll/art/shapes/sketchup/panneaupub/panneaupubhell.dae"}
{"class":"TSStatic","persistentId":"1e9477f9-611a-4575-b7a0-ce8c48222f8b","__parent":"circuitterre","position":[1321.55005,1333.40002,-412.002014],"allowPlayerStep":"1","isRenderEnabled":false,"rotationMatrix":[0.670711994,-0.741717935,0,0.741717935,0.670711994,0,0,0,1],"shapeName":"/levels/atoll/art/shapes/misc/RoadBarrier-01a.dae"}
{"class":"TSStatic","persistentId":"1f630953-b86e-464f-94d2-8045e7bc06ec","__parent":"circuitterre","position":[1353.02002,1267.08997,-412.002014],"allowPlayerStep":"1","isRenderEnabled":false,"rotationMatrix":[0.833427787,-0.552628398,0,0.552628398,0.833427787,0,0,0,1],"shapeName":"/levels/atoll/art/shapes/misc/RoadBarrier-01a.dae"}
{"class":"TSStatic","persistentId":"20e2f023-2abf-4530-8650-e7912d9bc298","__parent":"circuitterre","position":[1300.01001,1355.94995,-412.002014],"allowPlayerStep":"1","isRenderEnabled":false,"rotationMatrix":[0.70445323,-0.709750473,0,0.709750473,0.70445323,0,0,0,1],"shapeName":"/levels/atoll/art/shapes/misc/RoadBarrier-01a.dae"}
{"class":"TSStatic","persistentId":"2140ea5b-4e6d-40ed-b125-349bb2b5296b","__parent":"circuitterre","position":[1090.27002,1432.5,-411.97699],"allowPlayerStep":"1","isRenderEnabled":false,"rotationMatrix":[0.93299979,-0.359876871,0,0.359876871,0.93299979,0,0,0,1],"shapeName":"/levels/atoll/art/shapes/misc/RoadBarrier-01a.dae"}
{"class":"TSStatic","persistentId":"2219f599-256e-4d91-b496-e4e1cdb1caf8","__parent":"circuitterre","position":[1340.65002,1280.20996,-412.002014],"allowPlayerStep":"1","isRenderEnabled":false,"rotationMatrix":[0.35078913,-0.936454475,0,0.936454475,0.35078913,0,0,0,1],"shapeName":"/levels/atoll/art/shapes/misc/RoadBarrier-01a.dae"}
{"class":"TSStatic","persistentId":"229a7b86-b43e-4e2f-932d-6acc982bf172","__parent":"circuitterre","position":[1260.19995,1362.68005,-412.002014],"allowPlayerStep":"1","isRenderEnabled":false,"rotationMatrix":[0.702173948,-0.712005436,0,0.712005436,0.702173948,0,0,0,1],"shapeName":"/levels/atoll/art/shapes/misc/RoadBarrier-01a.dae"}
{"class":"TSStatic","persistentId":"22e3d23f-946c-4a45-a20c-160d9a49604c","__parent":"circuitterre","position":[1278.39001,1372.43005,-412.002014],"allowPlayerStep":"1","isRenderEnabled":false,"rotationMatrix":[0.847018719,-0.531563044,0,0.531563044,0.847018719,0,0,0,1],"shapeName":"/levels/atoll/art/shapes/misc/RoadBarrier-01a.dae"}
{"class":"TSStatic","persistentId":"24118033-3ac5-40e0-806c-638c552133bc","__parent":"circuitterre","position":[1433.38,963.539978,-414.420013],"allowPlayerStep":"1","isRenderEnabled":false,"rotationMatrix":[-0.0504783392,-0.992560625,0.110794097,0.997865319,-0.0455213785,0.0468244702,-0.0414326228,0.112921208,0.992739737],"scale":[3.03540993,1,3.36040998],"shapeName":"/levels/atoll/art/shapes/race/race_arrowsign_1_R.dae"}
{"class":"TSStatic","persistentId":"242335c0-3987-4a36-aec8-d61d226c50b4","__parent":"circuitterre","position":[1383.07996,1067.18005,-403.535004],"allowPlayerStep":"1","isRenderEnabled":false,"rotationMatrix":[0.968251467,-0.199461818,-0.150678694,0.205320716,0.978394985,0.0242213644,0.142592043,-0.0543898307,0.988286018],"shapeName":"/levels/atoll/art/shapes/misc/RoadBarrier-01a.dae"}
{"class":"TSStatic","persistentId":"24ddfd23-782e-44c5-8db5-569751ace3d4","__parent":"circuitterre","position":[1352.26001,1172.32996,-412.229004],"allowPlayerStep":"1","isRenderEnabled":false,"rotationMatrix":[0.74088645,-0.671630263,0,0.671630263,0.74088645,0,0,0,1],"shapeName":"/levels/atoll/art/shapes/misc/RoadBarrier-01a.dae"}
{"class":"TSStatic","persistentId":"25c90045-e294-4ece-9029-291f6f5c4769","__parent":"circuitterre","position":[1226.14001,1395.73999,-412.002014],"allowPlayerStep":"1","isRenderEnabled":false,"rotationMatrix":[0.968375087,-0.249498859,0,0.249498859,0.968375087,0,0,0,1],"shapeName":"/levels/atoll/art/shapes/misc/RoadBarrier-01a.dae"}
{"class":"TSStatic","persistentId":"26eacd57-1aff-4be0-9cf5-df7ed04dc463","__parent":"circuitterre","position":[1252.31995,1387.84998,-412.002014],"allowPlayerStep":"1","isRenderEnabled":false,"rotationMatrix":[0.916492581,-0.400051713,0,0.400051713,0.916492581,0,0,0,1],"shapeName":"/levels/atoll/art/shapes/misc/RoadBarrier-01a.dae"}
{"class":"TSStatic","persistentId":"2729ef60-0875-4c8c-b1bd-00101fc78186","__parent":"circuitterre","position":[1375.71997,1250.70996,-414.040985],"allowPlayerStep":"1","isRenderEnabled":false,"rotationMatrix":[0.714019775,-0.68959713,0.120960824,0.693220139,0.72055155,0.0158517268,-0.0980898216,0.0725340322,0.992530704],"scale":[3.03540993,1,3.36040998],"shapeName":"/levels/atoll/art/shapes/race/race_arrowsign_1_R.dae"}
{"class":"TSStatic","persistentId":"27eddce7-6fe2-40d1-94ef-bf2f21d68a1e","__parent":"circuitterre","position":[1406.43994,1209.04004,-412.002014],"allowPlayerStep":"1","isRenderEnabled":false,"rotationMatrix":[0.982233822,-0.187661216,0,0.187661216,0.982233822,0,0,0,1],"shapeName":"/levels/atoll/art/shapes/misc/RoadBarrier-01a.dae"}
{"class":"TSStatic","persistentId":"294327a5-2c79-47a4-91bf-929be4bc6743","__parent":"circuitterre","position":[1260.38,1383.64001,-412.002014],"allowPlayerStep":"1","isRenderEnabled":false,"rotationMatrix":[0.87704277,-0.480412334,0,0.480412334,0.87704277,0,0,0,1],"shapeName":"/levels/atoll/art/shapes/misc/RoadBarrier-01a.dae"}
{"class":"TSStatic","persistentId":"29fab8d1-66d4-4497-903c-e33e466aa4a2","__parent":"circuitterre","position":[1246.78003,1390.26001,-412.002014],"allowPlayerStep":"1","isRenderEnabled":false,"rotationMatrix":[0.916492581,-0.400051713,0,0.400051713,0.916492581,0,0,0,1],"shapeName":"/levels/atoll/art/shapes/misc/RoadBarrier-01a.dae"}
{"class":"TSStatic","persistentId":"2a542a2c-b986-46c8-911e-31e67e23adf0","__parent":"circuitterre","position":[1316.14001,1304.44995,-412.002014],"allowPlayerStep":"1","isRenderEnabled":false,"rotationMatrix":[0.574996471,-0.818155885,0,0.818155885,0.574996471,0,0,0,1],"shapeName":"/levels/atoll/art/shapes/misc/RoadBarrier-01a.dae"}
{"class":"TSStatic","persistentId":"2df227cd-a380-4426-a6be-3745f10e8a6f","__parent":"circuitterre","position":[1345.96997,1272.81006,-412.002014],"allowPlayerStep":"1","isRenderEnabled":false,"rotationMatrix":[0.714467645,-0.699668467,0,0.699668467,0.714467645,0,0,0,1],"shapeName":"/levels/atoll/art/shapes/misc/RoadBarrier-01a.dae"}
{"class":"TSStatic","persistentId":"2ed13e4e-53d4-412d-b902-fb3a9971c8fa","__parent":"circuitterre","position":[1401.30005,1180.06006,-412.002014],"allowPlayerStep":"1","isRenderEnabled":false,"rotationMatrix":[-0.543291569,-0.839543998,0,0.839543998,-0.543291569,0,0,0,1],"shapeName":"/levels/atoll/art/shapes/misc/RoadBarrier-01a.dae"}
{"class":"TSStatic","persistentId":"301e751e-8719-499a-b304-941b1c8785c1","__parent":"circuitterre","position":[1410.71997,1136.72998,-407.343994],"allowPlayerStep":"1","isRenderEnabled":false,"rotationMatrix":[0.493621349,-0.832606375,0.251206368,0.866698563,0.49484688,-0.0629293323,-0.0719133317,0.248783469,0.965885758],"shapeName":"/levels/atoll/art/shapes/misc/RoadBarrier-01b.dae"}
{"class":"TSStatic","persistentId":"31f5560a-8fe9-4e67-a7ad-87de263c0924","__parent":"circuitterre","position":[1265.56006,1380.44995,-412.002014],"allowPlayerStep":"1","isRenderEnabled":false,"rotationMatrix":[0.847018719,-0.531563044,0,0.531563044,0.847018719,0,0,0,1],"shapeName":"/levels/atoll/art/shapes/misc/RoadBarrier-01a.dae"}
{"class":"TSStatic","persistentId":"32b7d446-727f-414d-b1ea-6012ebf1ab39","__parent":"circuitterre","position":[1339.57996,1289.37,-412.002014],"allowPlayerStep":"1","isRenderEnabled":false,"rotationMatrix":[0.0713229179,-0.997453272,0,0.997453272,0.0713229179,0,0,0,1],"shapeName":"/levels/atoll/art/shapes/misc/RoadBarrier-01a.dae"}
{"class":"TSStatic","persistentId":"33b14277-acae-4de0-bd69-e55c6e4b3553","__parent":"circuitterre","position":[1380.56006,1243.56006,-413.098999],"allowPlayerStep":"1","isRenderEnabled":false,"rotationMatrix":[0.446844041,-0.889390707,0.0965120122,0.89406538,0.447734892,-0.013434045,-0.0312636867,0.0922909752,0.995241165],"scale":[3.03540993,1,3.36040998],"shapeName":"/levels/atoll/art/shapes/race/race_arrowsign_1_R.dae"}
{"class":"TSStatic","persistentId":"341f5882-c663-428b-808a-24a5d79f9de4","__parent":"circuitterre","position":[1339.17004,1295.53003,-412.002014],"allowPlayerStep":"1","isRenderEnabled":false,"rotationMatrix":[0.0713229179,-0.997453272,0,0.997453272,0.0713229179,0,0,0,1],"shapeName":"/levels/atoll/art/shapes/misc/RoadBarrier-01a.dae"}
{"class":"TSStatic","persistentId":"343c8c31-4855-4f6f-a6aa-0833e084852a","__parent":"circuitterre","position":[1172.40002,1380.85999,-413.739014],"allowPlayerStep":"1","isRenderEnabled":false,"rotationMatrix":[-0.969201565,-0.167152464,0.180855781,0.17092374,-0.985269904,0.0053593684,0.177295893,0.0361068547,0.983494997],"scale":[3.03540993,1,3.36040998],"shapeName":"/levels/atoll/art/shapes/race/race_arrowsign_1_R.dae"}
{"class":"TSStatic","persistentId":"358d3eef-babe-47f2-87f7-fcf688aae46a","__parent":"circuitterre","position":[1394.38,1210.54004,-412.002014],"allowPlayerStep":"1","isRenderEnabled":false,"rotationMatrix":[0.997060657,-0.0766161308,0,0.0766161308,0.997060657,0,0,0,1],"shapeName":"/levels/atoll/art/shapes/misc/RoadBarrier-01a.dae"}
{"class":"TSStatic","persistentId":"3636a664-153b-4d0b-83f5-901aa747b1c4","__parent":"circuitterre","position":[1394.19995,1156.32996,-413.759003],"allowPlayerStep":"1","isRenderEnabled":false,"rotationMatrix":[0.0246545672,0.981867135,-0.187960297,-0.999081671,0.0307906866,0.0297959149,0.0350430608,0.187053084,0.98172456],"scale":[3.03540993,1,3.36040998],"shapeName":"/levels/atoll/art/shapes/race/race_arrowsign_1_R.dae"}
{"class":"TSStatic","persistentId":"3750c8b0-3be6-4fe7-b61d-b724074a9c4d","__parent":"circuitterre","position":[1358.45996,1108.72998,-408.136993],"allowPlayerStep":"1","isRenderEnabled":false,"rotationMatrix":[-0.0549303293,0.97592783,-0.211062774,-0.998440623,-0.0557922125,0.00187402964,-0.00994674861,0.210836589,0.977470696],"scale":[3.03540993,1,3.36040998],"shapeName":"/levels/atoll/art/shapes/race/race_arrowsign_1_R.dae"}
{"class":"TSStatic","persistentId":"376bf890-13cc-4ed0-a00d-53aff42cf8da","__parent":"circuitterre","position":[1374.73999,1199.5,-412.002014],"allowPlayerStep":"1","isRenderEnabled":false,"rotationMatrix":[0.776043534,-0.630679369,0,0.630679369,0.776043534,0,0,0,1],"shapeName":"/levels/atoll/art/shapes/misc/RoadBarrier-01a.dae"}
{"class":"TSStatic","persistentId":"3b04f7ec-2ad8-49e8-be0e-f0ab96db5132","__parent":"circuitterre","position":[1241.85999,1381.60999,-411.990997],"allowPlayerStep":"1","isRenderEnabled":false,"rotationMatrix":[0.879731297,-0.475471139,0,0.475471139,0.879731297,0,0,0,1],"scale":[1.28874004,1.44858003,1],"shapeName":"/levels/atoll/art/shapes/misc/RoadBarrier-01b.dae"}
{"class":"TSStatic","persistentId":"3b61eed7-cccc-4719-9025-28a6d4595b50","__parent":"circuitterre","position":[1325.65002,1328.85999,-412.002014],"allowPlayerStep":"1","isRenderEnabled":false,"rotationMatrix":[0.670711994,-0.741717935,0,0.741717935,0.670711994,0,0,0,1],"shapeName":"/levels/atoll/art/shapes/misc/RoadBarrier-01a.dae"}
{"class":"TSStatic","persistentId":"3c5a1953-94a0-42e3-b8f2-d6c0dc500efe","__parent":"circuitterre","position":[1399.60999,1177.46997,-412.002014],"allowPlayerStep":"1","isRenderEnabled":false,"rotationMatrix":[-0.543291569,-0.839543998,0,0.839543998,-0.543291569,0,0,0,1],"shapeName":"/levels/atoll/art/shapes/misc/RoadBarrier-01a.dae"}
{"class":"TSStatic","persistentId":"3c8a6fa5-ea51-445e-bb0a-94f87bd321c3","__parent":"circuitterre","position":[1359.42004,1100.21997,-406.427002],"allowPlayerStep":"1","isRenderEnabled":false,"rotationMatrix":[-0.140796423,0.974197507,-0.176396623,-0.989714503,-0.143057346,-0.000101149082,-0.0253333598,0.174568042,0.98431915],"scale":[3.03540993,1,3.36040998],"shapeName":"/levels/atoll/art/shapes/race/race_arrowsign_1_R.dae"}
{"class":"TSStatic","persistentId":"3c8b1d68-8c12-4b83-b127-ccfe3ac83bca","__parent":"circuitterre","position":[1426.83997,947.177979,-412.667999],"allowPlayerStep":"1","isRenderEnabled":false,"rotationMatrix":[-0.659828782,-0.745481014,0.0942574143,0.751383901,-0.655753016,0.0735568702,0.00697432086,0.11935842,0.99282676],"scale":[3.03540993,1,3.36040998],"shapeName":"/levels/atoll/art/shapes/race/race_arrowsign_1_R.dae"}
{"class":"TSStatic","persistentId":"3dc355f7-3a4d-4c00-9e5c-76397b354346","__parent":"circuitterre","position":[1202.45996,1400.93994,-412.002014],"allowPlayerStep":"1","isRenderEnabled":false,"rotationMatrix":[0.990565717,-0.137038484,0,0.137038484,0.990565717,0,0,0,1],"shapeName":"/levels/atoll/art/shapes/misc/RoadBarrier-01a.dae"}
{"class":"TSStatic","persistentId":"3fbbd266-e8ba-416d-8e1d-03b7bf3c9a6f","__parent":"circuitterre","position":[1382.82996,1235.73999,-412.837006],"allowPlayerStep":"1","isRenderEnabled":false,"rotationMatrix":[0.100579023,-0.994459689,-0.0305597186,0.99492234,0.10064441,-0.00060378015,0.00367610063,-0.0303438175,0.999532759],"scale":[3.03540993,1,3.36040998],"shapeName":"/levels/atoll/art/shapes/race/race_arrowsign_1_R.dae"}
{"class":"TSStatic","persistentId":"3fc86c00-1139-479b-a8ff-01fcc73f95d5","__parent":"circuitterre","position":[1404.62,1185.15002,-412.002014],"allowPlayerStep":"1","isRenderEnabled":false,"rotationMatrix":[-0.543291569,-0.839543998,0,0.839543998,-0.543291569,0,0,0,1],"shapeName":"/levels/atoll/art/shapes/misc/RoadBarrier-01a.dae"}
{"class":"TSStatic","persistentId":"3ffd9057-34fc-44fd-adf1-1e8649028ca3","__parent":"circuitterre","position":[1392.57996,973.934998,-410.235992],"allowPlayerStep":"1","isRenderEnabled":false,"rotationMatrix":[0.0459029078,-0.987130165,0.153189257,0.984871745,0.0190697312,-0.172232479,0.167094603,0.158777744,0.973071933],"shapeName":"/levels/atoll/art/shapes/misc/RoadBarrier-01b.dae"}
{"class":"TSStatic","persistentId":"404d28c8-7276-4bb8-82a1-b7d5b8e08366","__parent":"circuitterre","position":[1431.58997,954.804993,-413.502014],"allowPlayerStep":"1","isRenderEnabled":false,"rotationMatrix":[-0.338511109,-0.936229467,0.0942574367,0.940213919,-0.332546234,0.0735568777,-0.0375211611,0.113521986,0.99282676],"scale":[3.03540993,1,3.36040998],"shapeName":"/levels/atoll/art/shapes/race/race_arrowsign_1_R.dae"}
{"class":"TSStatic","persistentId":"404ec348-7379-40f0-9466-504a9b6d1c57","__parent":"circuitterre","position":[1389.23999,1195.04004,-412.002014],"allowPlayerStep":"1","isRenderEnabled":false,"rotationMatrix":[0.998052597,-0.062378034,0,0.062378034,0.998052597,0,0,0,1],"shapeName":"/levels/atoll/art/shapes/misc/RoadBarrier-01a.dae"}
{"class":"TSStatic","persistentId":"40660625-c607-4637-a3cd-b0600e92204b","__parent":"circuitterre","position":[1383.57996,1100.10999,-404.854004],"allowPlayerStep":"1","collisionType":"Visible Mesh Final","decalType":"Visible Mesh Final","isRenderEnabled":false,"scale":[3,3,2],"shapeName":"/levels/atoll/art/shapes/sketchup/panneaupub/panneaupubraidepoule.dae"}
{"class":"TSStatic","persistentId":"414363c2-9b96-42b5-a600-ccb719cf7a72","__parent":"circuitterre","position":[1264.46997,1358.33997,-411.808014],"allowPlayerStep":"1","isRenderEnabled":false,"rotationMatrix":[0.688189626,-0.711067438,0.14414604,0.717332363,0.696632266,0.0117371902,-0.108762726,0.095323205,0.989486814],"shapeName":"/levels/atoll/art/shapes/misc/RoadBarrier-01a.dae"}
{"class":"TSStatic","persistentId":"414806b4-7447-4aaa-a654-1ce6a9912668","__parent":"circuitterre","position":[1052.23999,1370.77002,-417.100006],"allowPlayerStep":"1","isRenderEnabled":false,"rotationMatrix":[-0.972014546,0.229656309,0.0494630374,-0.233176291,-0.968786001,-0.084162131,0.0285907201,-0.093340382,0.995223641],"scale":[3.03540993,1,3.47429991],"shapeName":"/levels/atoll/art/shapes/race/race_arrowsign_1_R.dae"}
{"class":"TSStatic","persistentId":"418293de-7308-4db6-bf57-91535e589537","__parent":"circuitterre","position":[1397.84998,1130.58997,-409.623993],"allowPlayerStep":"1","isRenderEnabled":false,"rotationMatrix":[-0.438508272,0.892421246,-0.106275596,-0.898662686,-0.436814547,0.0399757959,-0.0107474998,0.113035649,0.993532777],"scale":[3.03540993,1,3.36040998],"shapeName":"/levels/atoll/art/shapes/race/race_arrowsign_1_R.dae"}
{"class":"TSStatic","persistentId":"423035a9-eca3-47b3-97f1-196a8b55dc13","__parent":"circuitterre","position":[1343.90002,1178.22998,-413.903015],"allowPlayerStep":"1","collisionType":"Visible Mesh Final","decalType":"Visible Mesh Final","isRenderEnabled":false,"rotationMatrix":[-0.750964522,0.660342455,0,-0.660342455,-0.750964522,0,0,0,1],"scale":[3,3,0.699999988],"shapeName":"/levels/atoll/art/shapes/sketchup/panneaupub/panneaupubcoolyeah.dae"}
{"class":"TSStatic","persistentId":"43c90703-2bb0-4312-b2ee-731a1e8c8dcb","__parent":"circuitterre","position":[1336.5,1310.55005,-412.002014],"allowPlayerStep":"1","isRenderEnabled":false,"rotationMatrix":[0.284747839,-0.958602428,0,0.958602428,0.284747839,0,0,0,1],"shapeName":"/levels/atoll/art/shapes/misc/RoadBarrier-01a.dae"}
{"class":"TSStatic","persistentId":"463a4648-4000-4068-a203-65601f507f10","__parent":"circuitterre","position":[1295.72998,1360.25,-412.002014],"allowPlayerStep":"1","isRenderEnabled":false,"rotationMatrix":[0.70445323,-0.709750473,0,0.709750473,0.70445323,0,0,0,1],"shapeName":"/levels/atoll/art/shapes/misc/RoadBarrier-01a.dae"}
{"class":"TSStatic","persistentId":"463d1573-ed9b-4cd6-a7f6-4742d80a6283","__parent":"circuitterre","position":[1117.14001,1395.17004,-411.257996],"allowPlayerStep":"1","isRenderEnabled":false,"rotationMatrix":[-0.66922605,0.709567368,-0.220569983,-0.730648339,-0.682414651,0.021533832,-0.135240451,0.175570056,0.975133419],"scale":[3.03540993,1,3.36040998],"shapeName":"/levels/atoll/art/shapes/race/race_arrowsign_1_R.dae"}
{"class":"TSStatic","persistentId":"47449c1e-8c0f-4123-a6e5-b30736b2731c","__parent":"circuitterre","position":[1409.37,1208.10999,-412.002014],"allowPlayerStep":"1","isRenderEnabled":false,"rotationMatrix":[0.908906817,-0.41699928,0,0.41699928,0.908906817,0,0,0,1],"shapeName":"/levels/atoll/art/shapes/misc/RoadBarrier-01a.dae"}
{"class":"TSStatic","persistentId":"47860aca-16a4-486a-8dc6-926487649866","__parent":"circuitterre","position":[1357.02002,1132.58997,-408.498993],"allowPlayerStep":"1","isRenderEnabled":false,"rotationMatrix":[0.0652012229,-0.9731552,0.220721051,0.992968142,0.0413714051,-0.110918082,0.0988089591,0.226400971,0.969009519],"shapeName":"/levels/atoll/art/shapes/misc/RoadBarrier-01b.dae"}
{"class":"TSStatic","persistentId":"47fc5725-e208-4529-b550-4492d67d8a3a","__parent":"circuitterre","position":[1193.32996,1401.33997,-412.002014],"allowPlayerStep":"1","isRenderEnabled":false,"rotationMatrix":[0.999445736,-0.0332905725,0,0.0332905725,0.999445736,0,0,0,1],"shapeName":"/levels/atoll/art/shapes/misc/RoadBarrier-01a.dae"}
{"class":"TSStatic","persistentId":"4892b0e0-fa8d-4d08-ae42-5ad1493f60c2","__parent":"circuitterre","position":[1243.43005,1379.87,-412.002014],"allowPlayerStep":"1","isRenderEnabled":false,"rotationMatrix":[0.653430223,-0.756986797,0,0.756986797,0.653430223,0,0,0,1],"shapeName":"/levels/atoll/art/shapes/misc/RoadBarrier-01a.dae"}
{"class":"TSStatic","persistentId":"48fa9063-f44f-48ae-b3cd-6ad882750710","__parent":"circuitterre","position":[1314.37,1306.95996,-412.002014],"allowPlayerStep":"1","isRenderEnabled":false,"rotationMatrix":[0.574996471,-0.818155885,0,0.818155885,0.574996471,0,0,0,1],"shapeName":"/levels/atoll/art/shapes/misc/RoadBarrier-01a.dae"}
