{"name":"spawn_start","class":"SpawnSphere","persistentId":"de173248-3140-4ce9-9610-4292c91ef883","__parent":"PlayerDropPoints","position":[160.063004,674.090027,0.300181001],"autoplaceOnSpawn":"0","dataBlock":"SpawnSphereMarker","enabled":"1","homingCount":"0","indoorWeight":"1","isAIControlled":"0","lockCount":"0","outdoorWeight":"1","radius":1,"rotationMatrix":[0.560426831,0.828153551,-0.00912973192,-0.827552617,0.560389161,0.0334756859,0.0328392126,-0.0112053407,0.999397814],"sphereWeight":"1"}
{"name":"spawn_Club","class":"SpawnSphere","persistentId":"53005aef-fef9-4396-9375-d66cda6cc7e0","__parent":"PlayerDropPoints","position":[-185.363007,-865.447998,7.21338987],"autoplaceOnSpawn":"0","cloneOrigin":"spawn_start","dataBlock":"SpawnSphereMarker","enabled":"1","homingCount":"0","indoorWeight":"1","isAIControlled":"0","lockCount":"0","outdoorWeight":"1","radius":1,"rotationMatrix":[0.0672562718,-0.997701406,0.00829172134,0.997548938,0.0670804977,-0.0199116394,0.019309653,0.00961058214,0.999767363],"sphereWeight":"1"}
{"name":"spawn_Esses","class":"SpawnSphere","persistentId":"4df6b70c-7c54-4753-9d20-b9d4fa8c3c0c","__parent":"PlayerDropPoints","position":[359.446014,138.276993,12.3168001],"autoplaceOnSpawn":"0","cloneOrigin":"spawn_start","dataBlock":"SpawnSphereMarker","enabled":"1","homingCount":"0","indoorWeight":"1","isAIControlled":"0","lockCount":"0","outdoorWeight":"1","radius":1,"rotationMatrix":[0.922433674,-0.385810196,-0.0163293239,0.385749757,0.922578156,-0.00682871742,0.0176996682,5.12227416e-09,0.999843359],"sphereWeight":"1"}
{"name":"spawn_Chicane","class":"SpawnSphere","persistentId":"b84b6daf-6863-4602-a75b-0e913338570c","__parent":"PlayerDropPoints","position":[-259.885986,144.889999,23.6744995],"autoplaceOnSpawn":"0","cloneOrigin":"spawn_start1","dataBlock":"SpawnSphereMarker","enabled":"1","homingCount":"0","indoorWeight":"1","isAIControlled":"0","lockCount":"0","outdoorWeight":"1","radius":1,"rotationMatrix":[-0.980092406,0.194416061,0.0402619578,-0.193459883,-0.980751276,0.0264578369,0.0446307994,0.0181420539,0.998838782],"sphereWeight":"1"}
{"name":"spawn_Pits","class":"SpawnSphere","persistentId":"5b88022a-35de-4f30-8244-aaefd2aa816f","__parent":"PlayerDropPoints","position":[392.161011,482.074005,-4.18694019],"autoplaceOnSpawn":"0","dataBlock":"SpawnSphereMarker","enabled":"1","homingCount":"0","indoorWeight":"1","isAIControlled":"0","lockCount":"0","outdoorWeight":"1","radius":1,"rotationMatrix":[0.590743721,0.806859255,0,-0.806859255,0.590743721,0,0,0,1],"sphereWeight":"1"}
