{"name":"murettv2","class":"MeshRoad","persistentId":"9ceb74e3-4334-4776-90a1-21d001fa485f","__parent":"tourvolcanmr","position":[441.574005,74.3078003,-398.259003],"bottomMaterial":"murrochers","breakAngle":50,"nodes":[[441.574005,74.3078003,-398.259003,1,2,-0.412205011,0.0855019987,0.907069981],[442.298004,74.1575012,-396.967987,1,2,-0.341423988,0.0719311014,0.937152982],[453.799011,72.0156021,-396.48999,1,2,0,0,1],[462.307007,71.2876968,-396.20401,1,2,0,0,1],[469.307007,71.5550995,-395.937012,1,2,0,0,1],[476.289001,72.3869019,-395.437988,1,2,0,0,1],[483.242004,73.8543015,-395.240997,1,2,0,0,1],[492.764008,76.8317032,-394.859985,1,2,0,0,1],[501.552002,80.6855011,-393.881989,1,2,0,0,1],[512.153015,86.5430984,-392.684998,1,2,-0.0537635013,0.0136874001,0.998459995],[514.093018,87.5523987,-394.269989,1,2,0.626852989,0.374832004,0.683049023]],"sideMaterial":"murrochers","textureLength":4,"topMaterial":"murrochersetroit"}
{"name":"murettv3","class":"MeshRoad","persistentId":"9ede2169-500b-43c1-b107-cec6f6265f63","__parent":"tourvolcanmr","position":[366.153992,108.374001,-406.199005],"bottomMaterial":"murrochers","breakAngle":50,"nodes":[[366.153992,108.374001,-406.199005,1,2,0,0,1],[365.082001,109.726997,-404.894989,1,2,0,0,1],[360.489014,118.356003,-404.712006,1,2,0,0,1],[356.971985,127.098999,-404.368011,1,2,0,0,1],[354.278992,135.979996,-404.17099,1,2,0,0,1],[353.181,141.776001,-403.709015,1,2,0,0,1],[352.774994,143.647995,-405.980988,1,2,0,0,1]],"sideMaterial":"murrochers","textureLength":4,"topMaterial":"murrochersetroit"}
{"name":"murettv4","class":"MeshRoad","persistentId":"a2097c6d-9cc5-49ab-acf0-f804b4e5291a","__parent":"tourvolcanmr","position":[374.636993,97.8968964,-405.131989],"bottomMaterial":"murrochers","breakAngle":50,"nodes":[[374.636993,97.8968964,-405.131989,1,2,0,0,1],[375.608002,97.0951004,-403.838989,1,2,0,0,1],[379.535004,93.9421005,-403.428009,1,2,0,0,1],[384.748993,90.7426987,-402.897003,1,2,0,0,1],[391.522003,87.861702,-402.347992,1,2,0,0,1],[393.515015,86.8632965,-403.950989,1,2,0,0,1]],"sideMaterial":"murrochers","textureLength":4,"topMaterial":"murrochersetroit"}
{"name":"murettv1","class":"MeshRoad","persistentId":"c1e6d4ea-0678-47df-b959-d3ab04f30985","__parent":"tourvolcanmr","position":[560.143005,125.417,-389.23999],"bottomMaterial":"murrochers","breakAngle":50,"nodes":[[560.143005,125.417,-389.23999,1,2,0,0,1],[560.789978,126.170998,-388.253998,1,2,0,0,1],[567.34198,133.070007,-388.239014,1,2,0,0,1],[572.096985,138.832001,-388.441986,1,2,0,0,1],[580.153015,150.858994,-389.161987,1,2,0,0,1],[585.838013,162.740997,-389.70401,1,2,0,0,1],[589.487,174.813004,-390.195007,1,2,0,0,1],[591.973022,186.729996,-390.747986,1,2,0,0,1],[592.132996,197.436005,-391.199005,1,2,-0.0122472998,0.234889999,0.971944988],[591.893982,199.112,-392.299011,1,2,0.155090004,0.0931489021,0.983498991]],"sideMaterial":"murrochers","topMaterial":"murrochersetroit"}
{"name":"murettv17","class":"MeshRoad","persistentId":"d466e013-ddf7-4740-9799-34b6d90f4bb2","__parent":"tourvolcanmr","position":[1059.31006,995.448975,-397.373993],"bottomMaterial":"murrochersetroit","breakAngle":50,"nodes":[[1059.31006,995.448975,-397.373993,1,2,0,0,1],[1060.87,995.059021,-395.437988,1,2,0,0,1],[1068.03003,992.77002,-395.010986,1,2,0,0,1],[1076.05005,988.960022,-394.528015,1,2,0,0,1],[1084.18005,983.932007,-394.158997,1,2,0,0,1],[1090.45996,978.547974,-393.973999,1,2,0,0,1],[1095.92004,972.60498,-393.798004,1,2,0,0,1],[1103.65002,962.197021,-393.747009,1,2,0,0,1],[1104.38,961.138977,-395.125,1,2,0,0,1]],"sideMaterial":"murrochers","topMaterial":"murrochersetroit"}
{"name":"murettv5","class":"MeshRoad","persistentId":"dcd315d3-176d-453e-beb6-913612303d14","__parent":"tourvolcanmr","position":[1053.53003,329.950989,-392.197998],"bottomMaterial":"murrochers","breakAngle":50,"nodes":[[1053.53003,329.950989,-392.197998,1,2,0.0788645968,0.0150829004,0.996770978],[1054.77002,330.161011,-390.877991,1,2,0,0,1],[1066.34998,333.546997,-390.696991,1,2,0,0,1],[1072.75,336.096985,-390.959015,1,2,0,0,1],[1078.76001,339.160004,-391.196014,1,2,0,0,1],[1084.18005,342.738007,-391.355988,1,2,0,0,1],[1090.25,347.648987,-391.470001,1,2,0,0,1],[1096.17004,353.565002,-391.562012,1,2,0,0,1],[1101.95996,360.85199,-391.778992,1,2,0,0,1],[1111.13,374.800995,-392.695007,1,2,0,0,1],[1111.97998,376.756012,-394.042999,1,2,0,0,1]],"sideMaterial":"murrochers","textureLength":4,"topMaterial":"murrochersetroit"}
{"name":"murettv18","class":"MeshRoad","persistentId":"e81045d1-559b-4007-b03a-ada1f8b18830","__parent":"tourvolcanmr","position":[1134.68005,892.018982,-396.162994],"bottomMaterial":"murrochers","breakAngle":50,"nodes":[[1134.68005,892.018982,-396.162994,1,2,0,0,1],[1134.51001,893.41803,-394.759003,1,2,0,0,1],[1132.93005,906.38501,-395.638,1,2,0,0,1],[1130.32996,916.494019,-395.760986,1,2,0,0,1],[1126.72998,924.927979,-395.782013,1,2,0,0,1],[1120.39001,936.073975,-395.299011,1,2,0,0,1],[1118.83997,939.085022,-398.72699,1,2,0,0,1]],"sideMaterial":"murrochers","topMaterial":"murrochersetroit"}
{"class":"TSStatic","persistentId":"0150b236-f655-455f-ac7a-a008bfb0bc32","__parent":"tourvolcanmr","position":[941.255005,326.158997,-391.489014],"allowPlayerStep":"1","collisionType":"Visible Mesh Final","decalType":"Visible Mesh Final","isRenderEnabled":false,"rotationMatrix":[-0.995050311,0.0993734002,0.000101671845,-0.0993664414,-0.994967461,-0.0128922891,-0.00117999036,-0.0128385779,0.999916911],"scale":[2.5582099,2.13805008,2.43403006],"shapeName":"/levels/atoll/art/shapes/sketchup/murrocher/murrocher.dae"}
{"class":"TSStatic","persistentId":"01675a92-2ebd-4411-af9f-5665bc9cb6af","__parent":"tourvolcanmr","position":[978.187012,323.141998,-393.687988],"allowPlayerStep":"1","collisionType":"Visible Mesh Final","decalType":"Visible Mesh Final","isRenderEnabled":false,"rotationMatrix":[-0.996088624,0.0472214147,0.0746850297,-0.0530498698,-0.995534301,-0.0780857056,0.0706641898,-0.0817423016,0.994145274],"scale":[2.5582099,2.13805008,2.43403006],"shapeName":"/levels/atoll/art/shapes/sketchup/murrocher/murrocher.dae"}
{"class":"TSStatic","persistentId":"01f141e3-fcc6-49a9-a856-b29ca4210be2","__parent":"tourvolcanmr","position":[1134.08997,522.781982,-384.303986],"allowPlayerStep":"1","collisionType":"Visible Mesh Final","decalType":"Visible Mesh Final","isRenderEnabled":false,"rotationMatrix":[0.0270904303,-0.999367774,-0.0230270624,0.997868001,0.0284036994,-0.0587597676,0.0593766719,-0.0213861354,0.998006523],"scale":[2.5582099,2.13805008,2.43403006],"shapeName":"/levels/atoll/art/shapes/sketchup/murrocher/murrocher.dae"}
{"class":"TSStatic","persistentId":"025a8afb-4dd1-416e-9505-780ca3f2fa0c","__parent":"tourvolcanmr","position":[777.338013,355.799011,-393.855011],"allowPlayerStep":"1","collisionType":"Visible Mesh Final","decalType":"Visible Mesh Final","isRenderEnabled":false,"rotationMatrix":[-0.989102602,-0.1003768,-0.107704714,0.0999121964,-0.994948745,0.0097149983,-0.108135834,-0.00115188397,0.994135439],"scale":[3.28978992,2.13805008,1.85562003],"shapeName":"/levels/atoll/art/shapes/sketchup/murrocher/murrocher.dae"}
{"class":"TSStatic","persistentId":"0317e259-96f5-4511-801f-102eec9f1d1e","__parent":"tourvolcanmr","position":[691.046021,995.172974,-394.795013],"allowPlayerStep":"1","collisionType":"Visible Mesh Final","decalType":"Visible Mesh Final","isRenderEnabled":false,"rotationMatrix":[0.88588655,0.449272662,0.115581691,-0.451095492,0.892403364,-0.0113601973,-0.108249322,-0.0420745313,0.993233025],"scale":[2.5582099,2.13805008,2.43403006],"shapeName":"/levels/atoll/art/shapes/sketchup/murrocher/murrocher.dae"}
{"class":"TSStatic","persistentId":"03b39a3a-0add-4788-a614-326d43a01dfe","__parent":"tourvolcanmr","position":[1134.78003,550.377014,-385.731995],"allowPlayerStep":"1","collisionType":"Visible Mesh Final","decalType":"Visible Mesh Final","isRenderEnabled":false,"rotationMatrix":[0.190422118,-0.976277947,-0.103057742,0.935723901,0.212251723,-0.281726956,0.296917975,-0.0427865386,0.953943968],"scale":[2.5582099,2.13805008,2.43403006],"shapeName":"/levels/atoll/art/shapes/sketchup/murrocher/murrocher.dae"}
{"class":"TSStatic","persistentId":"040a5c13-ad63-493e-bb40-22cf423ae1f0","__parent":"tourvolcanmr","position":[958.497009,1010.94,-396.299011],"allowPlayerStep":"1","collisionType":"Visible Mesh Final","decalType":"Visible Mesh Final","isRenderEnabled":false,"rotationMatrix":[0.998893797,-0.0409415253,-0.0231283959,0.0397378393,0.997943103,-0.0503032729,0.0251403172,0.0493285581,0.998466134],"scale":[2.5582099,2.13805008,2.43403006],"shapeName":"/levels/atoll/art/shapes/sketchup/murrocher/murrocher.dae"}
{"class":"TSStatic","persistentId":"05500318-13b6-468f-9bbd-27d687f37993","__parent":"tourvolcanmr","position":[1123.23999,402.794006,-394.47699],"allowPlayerStep":"1","collisionType":"Visible Mesh Final","decalType":"Visible Mesh Final","isRenderEnabled":false,"rotationMatrix":[-0.36295712,-0.931792557,-0.0049794279,0.927431881,-0.360731125,-0.0987081304,0.0901792645,-0.0404449031,0.995103955],"scale":[2.5582099,2.13805008,2.43403006],"shapeName":"/levels/atoll/art/shapes/sketchup/murrocher/murrocher.dae"}
{"class":"TSStatic","persistentId":"059b04b5-a67f-4935-96c3-1bec15e5818e","__parent":"tourvolcanmr","position":[1054.93005,996.549988,-396.875],"allowPlayerStep":"1","collisionType":"Visible Mesh Final","decalType":"Visible Mesh Final","isRenderEnabled":false,"rotationMatrix":[0.944129348,-0.328968436,0.0199883711,0.329566985,0.942793846,-0.0502524003,-0.00231346115,0.0540322736,0.998536527],"scale":[2.5582099,2.13805008,2.43403006],"shapeName":"/levels/atoll/art/shapes/sketchup/murrocher/murrocher.dae"}
{"class":"TSStatic","persistentId":"0b6fc478-b119-49b0-93aa-2738d211db25","__parent":"tourvolcanmr","position":[686.724976,992.721985,-395.386993],"allowPlayerStep":"1","collisionType":"Visible Mesh Final","decalType":"Visible Mesh Final","isRenderEnabled":false,"rotationMatrix":[0.865011573,0.488257945,0.115581565,-0.490369022,0.871440887,-0.0113601461,-0.106269173,-0.0468509607,0.993233025],"scale":[2.5582099,2.13805008,2.43403006],"shapeName":"/levels/atoll/art/shapes/sketchup/murrocher/murrocher.dae"}
{"class":"TSStatic","persistentId":"0c2f474f-023c-48ed-9313-80f83628d37d","__parent":"tourvolcanmr","position":[760.393005,1019.22998,-388.033997],"allowPlayerStep":"1","collisionType":"Visible Mesh Final","decalType":"Visible Mesh Final","isRenderEnabled":false,"rotationMatrix":[0.991459906,0.0664694756,0.112200916,-0.0660443455,0.997788429,-0.00750570558,-0.112451673,3.13709024e-05,0.993657172],"scale":[2.5582099,2.13805008,2.43403006],"shapeName":"/levels/atoll/art/shapes/sketchup/murrocher/murrocher.dae"}
{"class":"TSStatic","persistentId":"0c3fab64-d15c-4da1-9f96-e36f9deaf5e4","__parent":"tourvolcanmr","position":[860.820984,336.084015,-393.562988],"allowPlayerStep":"1","collisionType":"Visible Mesh Final","decalType":"Visible Mesh Final","isRenderEnabled":false,"rotationMatrix":[-0.986991286,0.156908587,0.0350473337,-0.159534141,-0.982852221,-0.0924703106,0.0199369602,-0.0968586132,0.995098472],"scale":[2.5582099,2.13805008,2.26343012],"shapeName":"/levels/atoll/art/shapes/sketchup/murrocher/murrocher.dae"}
{"class":"TSStatic","persistentId":"0cd2a6f6-b364-4ee6-8a24-4361c2401765","__parent":"tourvolcanmr","position":[547.166992,883.322021,-393.244995],"allowPlayerStep":"1","collisionType":"Visible Mesh Final","decalType":"Visible Mesh Final","isRenderEnabled":false,"rotationMatrix":[0.778141081,0.625989318,-0.0513208658,-0.626725078,0.76847142,-0.129102096,-0.0413779169,0.132623717,0.990302384],"scale":[2.5582099,2.13805008,2.43403006],"shapeName":"/levels/atoll/art/shapes/sketchup/murrocher/murrocher.dae"}
{"class":"TSStatic","persistentId":"0e20fea2-98a4-4c69-b860-aa01566b6873","__parent":"tourvolcanmr","position":[1143,664.067993,-392.647003],"allowPlayerStep":"1","collisionType":"Visible Mesh Final","decalType":"Visible Mesh Final","isRenderEnabled":false,"rotationMatrix":[0.00301742554,-0.999697566,-0.0244063959,0.986373425,0.00699019432,-0.164373249,0.164494127,-0.0235778317,0.986096203],"scale":[2.5582099,2.13805008,2.43403006],"shapeName":"/levels/atoll/art/shapes/sketchup/murrocher/murrocher.dae"}
{"class":"TSStatic","persistentId":"0f701a1d-f82b-40aa-b3e2-68047cbae8cc","__parent":"tourvolcanmr","position":[909.708984,330.401001,-391.380005],"allowPlayerStep":"1","collisionType":"Visible Mesh Final","decalType":"Visible Mesh Final","isRenderEnabled":false,"rotationMatrix":[-0.992384076,0.12008474,-0.0274528079,-0.119816355,-0.992732644,-0.0112264482,-0.0286014229,-0.00785165187,0.999560058],"scale":[2.5582099,2.13805008,2.26343012],"shapeName":"/levels/atoll/art/shapes/sketchup/murrocher/murrocher.dae"}
{"class":"TSStatic","persistentId":"0fe572bf-907e-4634-9516-dc4e069e338e","__parent":"tourvolcanmr","position":[963.210022,1010.77002,-396.440002],"allowPlayerStep":"1","collisionType":"Visible Mesh Final","decalType":"Visible Mesh Final","isRenderEnabled":false,"rotationMatrix":[0.998893797,-0.0409415253,-0.0231283959,0.0397378393,0.997943103,-0.0503032729,0.0251403172,0.0493285581,0.998466134],"scale":[2.5582099,2.13805008,2.43403006],"shapeName":"/levels/atoll/art/shapes/sketchup/murrocher/murrocher.dae"}
{"class":"TSStatic","persistentId":"1048f47b-00f0-4546-a5da-c15943d0b8aa","__parent":"tourvolcanmr","position":[851.89502,1020.16998,-386.817993],"allowPlayerStep":"1","collisionType":"Visible Mesh Final","decalType":"Visible Mesh Final","isRenderEnabled":false,"rotationMatrix":[0.996133208,-0.0801993236,-0.0358703583,0.0776117817,0.994628191,-0.0684921369,0.0411706939,0.0654433295,0.997006595],"scale":[2.5582099,2.13805008,2.43403006],"shapeName":"/levels/atoll/art/shapes/sketchup/murrocher/murrocher.dae"}
{"class":"TSStatic","persistentId":"10717c2d-592a-4d53-9015-0988d83215b3","__parent":"tourvolcanmr","position":[765.617981,1019.76001,-387.493988],"allowPlayerStep":"1","collisionType":"Visible Mesh Final","decalType":"Visible Mesh Final","isRenderEnabled":false,"rotationMatrix":[0.991459906,0.0664694756,0.112200916,-0.0660443455,0.997788429,-0.00750570558,-0.112451673,3.13709024e-05,0.993657172],"scale":[2.5582099,2.13805008,2.43403006],"shapeName":"/levels/atoll/art/shapes/sketchup/murrocher/murrocher.dae"}
{"class":"TSStatic","persistentId":"10e0146c-d128-40bb-9748-00f7218fa352","__parent":"tourvolcanmr","position":[349.015015,167.108994,-400.998993],"allowPlayerStep":"1","collisionType":"Visible Mesh Final","decalType":"Visible Mesh Final","isRenderEnabled":false,"rotationMatrix":[0.173978031,-0.970540047,-0.166684613,0.984598637,0.168477952,0.0466987565,-0.0172403306,-0.172241986,0.984903812],"scale":[3.28978992,2.13805008,2.86186004],"shapeName":"/levels/atoll/art/shapes/sketchup/murrocher/murrocher.dae"}
{"class":"TSStatic","persistentId":"12afa782-1bd1-43e9-a263-e0b85d31112a","__parent":"tourvolcanmr","position":[427.117004,816.328003,-380.540985],"allowPlayerStep":"1","collisionType":"Visible Mesh Final","decalType":"Visible Mesh Final","isRenderEnabled":false,"rotationMatrix":[0.786213398,0.614245057,-0.0676126182,-0.616345525,0.787349582,-0.0141026285,0.0445722938,0.0527604073,0.997612],"scale":[2.5582099,2.13805008,2.43403006],"shapeName":"/levels/atoll/art/shapes/sketchup/murrocher/murrocher.dae"}
{"class":"TSStatic","persistentId":"13c3d728-ea5d-48e8-b315-bfd4f3f19815","__parent":"tourvolcanmr","position":[1138.78003,727.520996,-388.153992],"allowPlayerStep":"1","collisionType":"Visible Mesh Final","decalType":"Visible Mesh Final","isRenderEnabled":false,"rotationMatrix":[0.0854457021,-0.995756269,-0.0341842957,0.994761586,0.0871921182,-0.0533579141,0.0561120771,-0.0294460151,0.997990191],"scale":[2.5582099,2.13805008,2.43403006],"shapeName":"/levels/atoll/art/shapes/sketchup/murrocher/murrocher.dae"}
{"class":"TSStatic","persistentId":"14230ad3-6b17-470e-b03f-84865113f777","__parent":"tourvolcanmr","position":[641.567993,958.499023,-398.571014],"allowPlayerStep":"1","collisionType":"Visible Mesh Final","decalType":"Visible Mesh Final","isRenderEnabled":false,"rotationMatrix":[0.737970233,0.674620807,0.0169312973,-0.674645483,0.73694098,0.042088192,0.0159162041,-0.0424824543,0.998970449],"scale":[2.5582099,2.13805008,2.43403006],"shapeName":"/levels/atoll/art/shapes/sketchup/murrocher/murrocher.dae"}
{"class":"TSStatic","persistentId":"16cfb587-7801-40aa-a128-5f74d1e12093","__parent":"tourvolcanmr","position":[458.513,494.674011,-318.183014],"allowPlayerStep":"1","collisionType":"Visible Mesh Final","decalType":"Visible Mesh Final","isRenderEnabled":false,"rotationMatrix":[0.202519894,0.979083419,-0.0195275843,-0.965558171,0.202969074,0.16279088,0.163349345,-0.0141133517,0.986467361],"scale":[3.28978992,2.13805008,2.86186004],"shapeName":"/levels/atoll/art/shapes/sketchup/murrocher/murrocher.dae"}
{"class":"TSStatic","persistentId":"16e38019-c3ac-4ece-9913-6477092e715b","__parent":"tourvolcanmr","position":[1116.30005,385.36499,-394.292999],"allowPlayerStep":"1","collisionType":"Visible Mesh Final","decalType":"Visible Mesh Final","isRenderEnabled":false,"rotationMatrix":[-0.426647782,-0.904033363,0.026369432,0.904006779,-0.425393581,0.0425675511,-0.0272650998,0.0419994965,0.998745561],"scale":[2.5582099,2.13805008,2.43403006],"shapeName":"/levels/atoll/art/shapes/sketchup/murrocher/murrocher.dae"}
{"class":"TSStatic","persistentId":"16fb47b0-d7f7-4da0-ae63-aedb64aa6839","__parent":"tourvolcanmr","position":[883.174011,333.56601,-392.321991],"allowPlayerStep":"1","collisionType":"Visible Mesh Final","decalType":"Visible Mesh Final","isRenderEnabled":false,"rotationMatrix":[-0.994716883,-0.0100665744,-0.102160312,0.0510796458,-0.911770821,-0.407510281,-0.0890445635,-0.410575747,0.907468259],"scale":[2.5582099,2.13805008,2.26343012],"shapeName":"/levels/atoll/art/shapes/sketchup/murrocher/murrocher.dae"}
{"class":"TSStatic","persistentId":"1756ee8c-2d28-427b-a99d-fb81528876c6","__parent":"tourvolcanmr","position":[1141.29004,702.794006,-390.191986],"allowPlayerStep":"1","collisionType":"Visible Mesh Final","decalType":"Visible Mesh Final","isRenderEnabled":false,"rotationMatrix":[0.100629389,-0.993923485,-0.0446088761,0.99492389,0.100503743,0.00505565479,-0.000541569665,-0.0448911823,0.998991728],"scale":[2.5582099,2.13805008,2.43403006],"shapeName":"/levels/atoll/art/shapes/sketchup/murrocher/murrocher.dae"}
{"class":"TSStatic","persistentId":"1769128d-bd6b-4466-b8a6-16425d2dd628","__parent":"tourvolcanmr","position":[430.053986,76.7368011,-398.981995],"allowPlayerStep":"1","collisionType":"Visible Mesh Final","decalType":"Visible Mesh Final","isRenderEnabled":false,"rotationMatrix":[-0.976292729,0.191410229,-0.10106796,-0.195048168,-0.980412602,0.0273390077,-0.0938553363,0.0464039929,0.994503796],"scale":[3.28978992,2.13805008,1.85562003],"shapeName":"/levels/atoll/art/shapes/sketchup/murrocher/murrocher.dae"}
{"class":"TSStatic","persistentId":"184ca598-4d02-43d4-8217-f37dda0e3162","__parent":"tourvolcanmr","position":[783.323975,355.837006,-393.06601],"allowPlayerStep":"1","collisionType":"Visible Mesh Final","decalType":"Visible Mesh Final","isRenderEnabled":false,"rotationMatrix":[-0.994174123,-0.00413894746,-0.107704833,0.00311053195,-0.999947786,0.0097147068,-0.107739434,0.00932309311,0.994135439],"scale":[3.28978992,2.13805008,1.85562003],"shapeName":"/levels/atoll/art/shapes/sketchup/murrocher/murrocher.dae"}
{"class":"TSStatic","persistentId":"18cf2f6f-9f93-469d-bdb6-eaf8cc709c43","__parent":"tourvolcanmr","position":[469.016998,843.031006,-385.688995],"allowPlayerStep":"1","collisionType":"Visible Mesh Final","decalType":"Visible Mesh Final","isRenderEnabled":false,"rotationMatrix":[0.878408015,0.469594777,-0.0887697935,-0.477303088,0.87139225,-0.113390297,0.0241058208,0.141973048,0.989576936],"scale":[2.5582099,2.13805008,2.43403006],"shapeName":"/levels/atoll/art/shapes/sketchup/murrocher/murrocher.dae"}
{"class":"TSStatic","persistentId":"19202de5-7ec6-41a1-9cf7-4ff6768f29b1","__parent":"tourvolcanmr","position":[1134.81006,492.26001,-386.306],"allowPlayerStep":"1","collisionType":"Visible Mesh Final","decalType":"Visible Mesh Final","isRenderEnabled":false,"rotationMatrix":[0.027092576,-0.999094784,-0.0327978283,0.997868001,0.028979063,-0.058479242,0.0593767539,-0.0311435461,0.997749686],"scale":[2.5582099,2.13805008,2.43403006],"shapeName":"/levels/atoll/art/shapes/sketchup/murrocher/murrocher.dae"}
{"class":"TSStatic","persistentId":"19dff9a1-04da-44b1-8296-8c6de68d176a","__parent":"tourvolcanmr","position":[404.40799,794.875,-377.713013],"allowPlayerStep":"1","collisionType":"Visible Mesh Final","decalType":"Visible Mesh Final","isRenderEnabled":false,"rotationMatrix":[0.696947932,0.714872718,-0.0567501225,-0.713465095,0.683238029,-0.155413568,-0.0723270848,0.148804396,0.986218035],"scale":[2.5582099,2.13805008,2.43403006],"shapeName":"/levels/atoll/art/shapes/sketchup/murrocher/murrocher.dae"}
{"class":"TSStatic","persistentId":"1a8ea438-4772-4e73-b7be-e39e1e91cc51","__parent":"tourvolcanmr","position":[900.734985,331.447998,-391.612],"allowPlayerStep":"1","collisionType":"Visible Mesh Final","decalType":"Visible Mesh Final","isRenderEnabled":false,"rotationMatrix":[-0.992384076,0.12008474,-0.0274528079,-0.119816355,-0.992732644,-0.0112264482,-0.0286014229,-0.00785165187,0.999560058],"scale":[2.5582099,2.13805008,2.26343012],"shapeName":"/levels/atoll/art/shapes/sketchup/murrocher/murrocher.dae"}
{"class":"TSStatic","persistentId":"1a926e4d-42f7-44b9-b158-7e8091b0e9ac","__parent":"tourvolcanmr","position":[1143.03003,668.5,-392.390015],"allowPlayerStep":"1","collisionType":"Visible Mesh Final","decalType":"Visible Mesh Final","isRenderEnabled":false,"rotationMatrix":[0.0107184052,-0.998947144,-0.0446089879,0.99993217,0.0105032325,0.00505570509,-0.00458184071,-0.044660151,0.998991728],"scale":[2.5582099,2.13805008,2.43403006],"shapeName":"/levels/atoll/art/shapes/sketchup/murrocher/murrocher.dae"}
{"class":"TSStatic","persistentId":"1af1f271-3cbc-4c1f-929b-24dff68db12f","__parent":"tourvolcanmr","position":[348.061005,172.485992,-400.036011],"allowPlayerStep":"1","collisionType":"Visible Mesh Final","decalType":"Visible Mesh Final","isRenderEnabled":false,"rotationMatrix":[0.173978508,-0.972314358,-0.156001016,0.984598517,0.168981791,0.044843059,-0.0172402114,-0.161400095,0.986738443],"scale":[3.28978992,2.13805008,2.86186004],"shapeName":"/levels/atoll/art/shapes/sketchup/murrocher/murrocher.dae"}
{"class":"TSStatic","persistentId":"1b195112-649f-4500-a5ca-a0f9a75142d7","__parent":"tourvolcanmr","position":[1135.94995,873.044983,-394.928986],"allowPlayerStep":"1","collisionType":"Visible Mesh Final","decalType":"Visible Mesh Final","isRenderEnabled":false,"rotationMatrix":[0.0760000348,-0.993911564,0.0797736794,0.996470869,0.0785671473,0.0295462832,-0.0356339887,0.0772466287,0.996375024],"scale":[2.5582099,2.13805008,2.43403006],"shapeName":"/levels/atoll/art/shapes/sketchup/murrocher/murrocher.dae"}
{"class":"TSStatic","persistentId":"1b25d2dc-ca8d-4b1f-811d-9803d1a04dd8","__parent":"tourvolcanmr","position":[459.497009,501.376007,-318.367004],"allowPlayerStep":"1","collisionType":"Visible Mesh Final","decalType":"Visible Mesh Final","isRenderEnabled":false,"rotationMatrix":[0.0443526506,0.998825073,-0.0195276141,-0.985543132,0.0469455719,0.162790775,0.163516238,0.0120250881,0.986467361],"scale":[3.28978992,2.13805008,2.86186004],"shapeName":"/levels/atoll/art/shapes/sketchup/murrocher/murrocher.dae"}
{"class":"TSStatic","persistentId":"1d22b5d4-cd86-4968-b627-04e2a52b7ea3","__parent":"tourvolcanmr","position":[580.531006,903.184021,-395.106995],"allowPlayerStep":"1","collisionType":"Visible Mesh Final","decalType":"Visible Mesh Final","isRenderEnabled":false,"rotationMatrix":[0.808871925,0.57917726,-0.10138984,-0.582514286,0.812809944,-0.00412724912,0.0800202638,0.0623994544,0.994838238],"scale":[2.5582099,2.13805008,2.43403006],"shapeName":"/levels/atoll/art/shapes/sketchup/murrocher/murrocher.dae"}
{"class":"TSStatic","persistentId":"1d3c351e-fb10-467d-9a13-bbef70a7351b","__parent":"tourvolcanmr","position":[449.295013,485.307007,-316.526001],"allowPlayerStep":"1","collisionType":"Visible Mesh Final","decalType":"Visible Mesh Final","isRenderEnabled":false,"rotationMatrix":[0.861370802,0.498273462,-0.0988128781,-0.482787281,0.863514423,0.145805582,0.157977402,-0.0778870583,0.984366179],"scale":[3.28978992,2.13805008,2.86186004],"shapeName":"/levels/atoll/art/shapes/sketchup/murrocher/murrocher.dae"}
{"class":"TSStatic","persistentId":"1d4b6a91-9be7-4ac0-9594-1e56906b846f","__parent":"tourvolcanmr","position":[351.688995,148.901993,-403.639008],"allowPlayerStep":"1","collisionType":"Visible Mesh Final","decalType":"Visible Mesh Final","isRenderEnabled":false,"rotationMatrix":[0.111732125,-0.982243121,-0.150712788,0.99336797,0.106258035,0.0439241007,-0.0271297023,-0.154620975,0.98760128],"scale":[3.28978992,2.13805008,2.2881],"shapeName":"/levels/atoll/art/shapes/sketchup/murrocher/murrocher.dae"}
{"class":"TSStatic","persistentId":"1e372a55-91ee-4ad8-afcc-2dbdd153b22e","__parent":"tourvolcanmr","position":[1134.12,453.510986,-391.359009],"allowPlayerStep":"1","collisionType":"Visible Mesh Final","decalType":"Visible Mesh Final","isRenderEnabled":false,"rotationMatrix":[-0.0935553312,-0.994385362,-0.0494489148,0.994521618,-0.0910111666,-0.0514185727,0.0466294661,-0.053988494,0.997452199],"scale":[2.5582099,2.13805008,2.43403006],"shapeName":"/levels/atoll/art/shapes/sketchup/murrocher/murrocher.dae"}
{"class":"TSStatic","persistentId":"1e95e08c-fabf-498c-b80f-319b7b9853b2","__parent":"tourvolcanmr","position":[473.256989,845.330994,-386.304993],"allowPlayerStep":"1","collisionType":"Visible Mesh Final","decalType":"Visible Mesh Final","isRenderEnabled":false,"rotationMatrix":[0.893259883,0.440688968,-0.088769868,-0.448622048,0.886499226,-0.113390543,0.0287244655,0.141111344,0.989576936],"scale":[2.5582099,2.13805008,2.43403006],"shapeName":"/levels/atoll/art/shapes/sketchup/murrocher/murrocher.dae"}
{"class":"TSStatic","persistentId":"1f2cf273-8720-4df4-a47e-43bcfdca4462","__parent":"tourvolcanmr","position":[1142.33997,692.627991,-390.678009],"allowPlayerStep":"1","collisionType":"Visible Mesh Final","decalType":"Visible Mesh Final","isRenderEnabled":false,"rotationMatrix":[0.072158277,-0.996395171,-0.0446089618,0.997391522,0.0720041394,0.00505563617,-0.00182538107,-0.0448574051,0.998991728],"scale":[2.5582099,2.13805008,2.43403006],"shapeName":"/levels/atoll/art/shapes/sketchup/murrocher/murrocher.dae"}
{"class":"TSStatic","persistentId":"1f6d8fe0-82df-4940-9738-a34fd7836b56","__parent":"tourvolcanmr","position":[1134.76001,884.075989,-395.575989],"allowPlayerStep":"1","collisionType":"Visible Mesh Final","decalType":"Visible Mesh Final","isRenderEnabled":false,"rotationMatrix":[0.0759992599,-0.996757805,-0.0264189746,0.996470869,0.0749771595,0.0377372317,-0.0356340595,-0.0291937422,0.998938382],"scale":[2.5582099,2.13805008,2.43403006],"shapeName":"/levels/atoll/art/shapes/sketchup/murrocher/murrocher.dae"}
{"class":"TSStatic","persistentId":"1f6f6eec-9a35-4bef-a4d3-68d38d8a4f62","__parent":"tourvolcanmr","position":[1138.31995,785.840027,-389.946991],"allowPlayerStep":"1","collisionType":"Visible Mesh Final","decalType":"Visible Mesh Final","isRenderEnabled":false,"rotationMatrix":[-0.00381803513,-0.998502135,0.0545805991,0.999954343,-0.00429034233,-0.00853956304,0.00876094401,0.0545454994,0.998472869],"scale":[2.5582099,2.13805008,2.43403006],"shapeName":"/levels/atoll/art/shapes/sketchup/murrocher/murrocher.dae"}
{"class":"TSStatic","persistentId":"1f873833-4d27-47ed-b061-4c6b66cbd674","__parent":"tourvolcanmr","position":[1124.71997,406.979004,-394.625],"allowPlayerStep":"1","collisionType":"Visible Mesh Final","decalType":"Visible Mesh Final","isRenderEnabled":false,"rotationMatrix":[-0.320765972,-0.947145462,-0.00497940555,0.94268918,-0.318737864,-0.0987081975,0.0919038951,-0.0363562554,0.995103955],"scale":[2.5582099,2.13805008,2.43403006],"shapeName":"/levels/atoll/art/shapes/sketchup/murrocher/murrocher.dae"}
{"class":"TSStatic","persistentId":"21c2c717-25a9-4ae0-9d37-a6f423d580d7","__parent":"tourvolcanmr","position":[709.411011,1004.60999,-392.489014],"allowPlayerStep":"1","collisionType":"Visible Mesh Final","decalType":"Visible Mesh Final","isRenderEnabled":false,"rotationMatrix":[0.916121244,0.390803218,0.08941333,-0.392534614,0.919735193,0.00194421224,-0.0814767778,-0.0368789658,0.99599272],"scale":[2.5582099,2.13805008,2.43403006],"shapeName":"/levels/atoll/art/shapes/sketchup/murrocher/murrocher.dae"}
{"class":"TSStatic","persistentId":"21e72aff-7f7c-4a70-9e47-5a742c4e9314","__parent":"tourvolcanmr","position":[1129.41003,423.941986,-393.434998],"allowPlayerStep":"1","collisionType":"Visible Mesh Final","decalType":"Visible Mesh Final","isRenderEnabled":false,"rotationMatrix":[-0.233422518,-0.971117258,-0.0494488142,0.971612334,-0.230923295,-0.0514190197,0.0385150127,-0.0600474328,0.997452199],"scale":[2.5582099,2.13805008,2.43403006],"shapeName":"/levels/atoll/art/shapes/sketchup/murrocher/murrocher.dae"}
{"class":"TSStatic","persistentId":"22d73599-2622-4f18-928c-a45721b6bc41","__parent":"tourvolcanmr","position":[341.528015,208.087006,-393.595001],"allowPlayerStep":"1","collisionType":"Visible Mesh Final","decalType":"Visible Mesh Final","isRenderEnabled":false,"rotationMatrix":[0.197701752,-0.967769444,-0.156001374,0.980172217,0.193006873,0.0448434502,-0.0132887661,-0.161773831,0.986738384],"scale":[3.28978992,2.13805008,2.86186004],"shapeName":"/levels/atoll/art/shapes/sketchup/murrocher/murrocher.dae"}
{"class":"TSStatic","persistentId":"240cc3fa-363f-45d3-9833-b1747cfe3fbb","__parent":"tourvolcanmr","position":[992.241028,321.548004,-394.701996],"allowPlayerStep":"1","collisionType":"Visible Mesh Final","decalType":"Visible Mesh Final","isRenderEnabled":false,"rotationMatrix":[-0.995225906,0.0628326386,0.0746848211,-0.0686516613,-0.994580388,-0.0780856609,0.0693737045,-0.0828400999,0.994145274],"scale":[2.5582099,2.13805008,2.43403006],"shapeName":"/levels/atoll/art/shapes/sketchup/murrocher/murrocher.dae"}
{"class":"TSStatic","persistentId":"24688c6a-4040-400c-9385-9d37e294eadb","__parent":"tourvolcanmr","position":[1121.55005,398.440002,-394.630005],"allowPlayerStep":"1","collisionType":"Visible Mesh Final","decalType":"Visible Mesh Final","isRenderEnabled":false,"rotationMatrix":[-0.362989545,-0.9317801,-0.00497918203,0.927419424,-0.360763311,-0.0987082273,0.0901780427,-0.0404478274,0.995103955],"scale":[2.5582099,2.13805008,2.43403006],"shapeName":"/levels/atoll/art/shapes/sketchup/murrocher/murrocher.dae"}
{"class":"TSStatic","persistentId":"24c335ae-d5a3-42a7-9305-5a6813417bfd","__parent":"tourvolcanmr","position":[1137.62,573.310974,-387.174011],"allowPlayerStep":"1","collisionType":"Visible Mesh Final","decalType":"Visible Mesh Final","isRenderEnabled":false,"rotationMatrix":[-0.147954345,-0.986538231,0.0696562976,0.988152564,-0.150366426,-0.0307332929,0.0407935306,0.0642839223,0.997097492],"scale":[2.5582099,2.13805008,2.43403006],"shapeName":"/levels/atoll/art/shapes/sketchup/murrocher/murrocher.dae"}
{"class":"TSStatic","persistentId":"24e1379a-9cbe-42dc-a089-2211de981661","__parent":"tourvolcanmr","position":[805.47998,349.670013,-392.151001],"allowPlayerStep":"1","collisionType":"Visible Mesh Final","decalType":"Visible Mesh Final","isRenderEnabled":false,"rotationMatrix":[-0.935427308,0.352729499,-0.0236051865,-0.353161514,-0.935397148,0.0175725408,-0.0158818737,0.0247742832,0.999566913],"scale":[3.28978992,2.13805008,1.85562003],"shapeName":"/levels/atoll/art/shapes/sketchup/murrocher/murrocher.dae"}
{"class":"TSStatic","persistentId":"25f82567-674f-44f4-80ca-31808bf00521","__parent":"tourvolcanmr","position":[818.677002,345.161011,-392.398987],"allowPlayerStep":"1","collisionType":"Visible Mesh Final","decalType":"Visible Mesh Final","isRenderEnabled":false,"rotationMatrix":[-0.94232142,0.330126613,0.0551966615,-0.32848534,-0.88048327,-0.341827929,-0.0642467737,-0.340243101,0.938140154],"scale":[3.28978992,2.13805008,1.85562003],"shapeName":"/levels/atoll/art/shapes/sketchup/murrocher/murrocher.dae"}
{"class":"TSStatic","persistentId":"267ca181-4ada-4e63-99f3-6301b16f01e2","__parent":"tourvolcanmr","position":[1010.40997,321.503998,-394.802002],"allowPlayerStep":"1","collisionType":"Visible Mesh Final","decalType":"Visible Mesh Final","isRenderEnabled":false,"rotationMatrix":[-0.999436378,-0.0252405182,-0.0221393928,0.026156906,-0.998769879,-0.0421282873,-0.0210488178,-0.0426836312,0.998866856],"scale":[2.5582099,2.13805008,2.43403006],"shapeName":"/levels/atoll/art/shapes/sketchup/murrocher/murrocher.dae"}
{"class":"TSStatic","persistentId":"26f14b54-adc5-47da-af1f-f9b781142fd5","__parent":"tourvolcanmr","position":[1015.09003,322.376007,-394.972992],"allowPlayerStep":"1","collisionType":"Visible Mesh Final","decalType":"Visible Mesh Final","isRenderEnabled":false,"rotationMatrix":[-0.991268873,-0.131289184,0.0122356629,0.128123432,-0.980965495,-0.145916715,0.0311600417,-0.143074974,0.989221215],"scale":[2.5582099,2.13805008,2.43403006],"shapeName":"/levels/atoll/art/shapes/sketchup/murrocher/murrocher.dae"}
{"class":"TSStatic","persistentId":"284e7a84-3407-44ef-98e2-a118ee5ebb69","__parent":"tourvolcanmr","position":[435.43399,75.7498016,-398.489014],"allowPlayerStep":"1","collisionType":"Visible Mesh Final","decalType":"Visible Mesh Final","isRenderEnabled":false,"rotationMatrix":[-0.976634264,0.191404864,-0.0977227762,-0.194948003,-0.980413556,0.0280072708,-0.0904480144,0.046403721,0.994819522],"scale":[3.28978992,2.13805008,1.85562003],"shapeName":"/levels/atoll/art/shapes/sketchup/murrocher/murrocher.dae"}
{"class":"TSStatic","persistentId":"28ad962a-9723-45b0-9359-0a9a52fa6200","__parent":"tourvolcanmr","position":[1134.59998,496.578003,-385.570007],"allowPlayerStep":"1","collisionType":"Visible Mesh Final","decalType":"Visible Mesh Final","isRenderEnabled":false,"rotationMatrix":[0.0270925164,-0.993600845,-0.10965094,0.997867942,0.0333969593,-0.0560735166,0.0593767017,-0.107897982,0.992387235],"scale":[2.5582099,2.13805008,2.43403006],"shapeName":"/levels/atoll/art/shapes/sketchup/murrocher/murrocher.dae"}
{"class":"TSStatic","persistentId":"29aa6f08-000b-413a-9a5a-f9635cbda234","__parent":"tourvolcanmr","position":[719.122009,1008.72998,-391.598999],"allowPlayerStep":"1","collisionType":"Visible Mesh Final","decalType":"Visible Mesh Final","isRenderEnabled":false,"rotationMatrix":[0.933439851,0.347412288,0.0894136429,-0.348972321,0.937131047,0.00194418337,-0.0831168592,-0.0330176614,0.995992661],"scale":[2.5582099,2.13805008,2.43403006],"shapeName":"/levels/atoll/art/shapes/sketchup/murrocher/murrocher.dae"}
{"class":"TSStatic","persistentId":"2aa287bd-a71c-4c7b-90e0-7f1bd3310752","__parent":"tourvolcanmr","position":[982.856018,322.869995,-394.127014],"allowPlayerStep":"1","collisionType":"Visible Mesh Final","decalType":"Visible Mesh Final","isRenderEnabled":false,"rotationMatrix":[-0.996088624,0.0472214147,0.0746850297,-0.0530498698,-0.995534301,-0.0780857056,0.0706641898,-0.0817423016,0.994145274],"scale":[2.5582099,2.13805008,2.43403006],"shapeName":"/levels/atoll/art/shapes/sketchup/murrocher/murrocher.dae"}
{"class":"TSStatic","persistentId":"2ad50716-4a45-4090-91b9-61bff4426979","__parent":"tourvolcanmr","position":[423.247986,813.075012,-380.134003],"allowPlayerStep":"1","collisionType":"Visible Mesh Final","decalType":"Visible Mesh Final","isRenderEnabled":false,"rotationMatrix":[0.758394063,0.648280025,-0.0676127598,-0.650428414,0.759436607,-0.0141026042,0.0422051698,0.0546725951,0.99761194],"scale":[2.5582099,2.13805008,2.43403006],"shapeName":"/levels/atoll/art/shapes/sketchup/murrocher/murrocher.dae"}
{"class":"TSStatic","persistentId":"2bb0a880-2dd0-42c4-aa9b-52059e5dab58","__parent":"tourvolcanmr","position":[1131.91003,436.563995,-392.557007],"allowPlayerStep":"1","collisionType":"Visible Mesh Final","decalType":"Visible Mesh Final","isRenderEnabled":false,"rotationMatrix":[-0.202873588,-0.977955639,-0.0494488589,0.978372157,-0.20036006,-0.051418703,0.0403776355,-0.0588108785,0.997452199],"scale":[2.5582099,2.13805008,2.43403006],"shapeName":"/levels/atoll/art/shapes/sketchup/murrocher/murrocher.dae"}
{"class":"TSStatic","persistentId":"2be1241f-668b-4c80-ba0e-0a4fa0a8b7fc","__parent":"tourvolcanmr","position":[959.658997,324.265015,-392.162994],"allowPlayerStep":"1","collisionType":"Visible Mesh Final","decalType":"Visible Mesh Final","isRenderEnabled":false,"rotationMatrix":[-0.984863162,0.1564181,0.0746853277,-0.162150308,-0.983671665,-0.0780853033,0.0612518862,-0.0890135914,0.994145274],"scale":[2.5582099,2.13805008,2.43403006],"shapeName":"/levels/atoll/art/shapes/sketchup/murrocher/murrocher.dae"}
{"class":"TSStatic","persistentId":"2c0e6670-a024-4dea-bd73-aa619cdfb99f","__parent":"tourvolcanmr","position":[431.640991,506.571014,-315.093994],"allowPlayerStep":"1","collisionType":"Visible Mesh Final","decalType":"Visible Mesh Final","isRenderEnabled":false,"rotationMatrix":[-0.367601156,-0.924188614,0.103656732,0.928323627,-0.358002067,0.100248322,-0.0555390343,0.133078396,0.989548147],"scale":[3.28978992,2.13805008,2.86186004],"shapeName":"/levels/atoll/art/shapes/sketchup/murrocher/murrocher.dae"}
{"class":"TSStatic","persistentId":"2c31abfc-e966-4330-a7ab-52e8633128df","__parent":"tourvolcanmr","position":[1138.81006,582.445007,-387.889008],"allowPlayerStep":"1","collisionType":"Visible Mesh Final","decalType":"Visible Mesh Final","isRenderEnabled":false,"rotationMatrix":[-0.135407925,-0.988339841,0.0696368292,0.989989102,-0.137789488,-0.0305930786,0.0398315638,0.0647971481,0.997103214],"scale":[2.5582099,2.13805008,2.43403006],"shapeName":"/levels/atoll/art/shapes/sketchup/murrocher/murrocher.dae"}
{"class":"TSStatic","persistentId":"2c47c95b-e56f-44d6-bea1-314d949703a5","__parent":"tourvolcanmr","position":[823.155029,1020.63,-385.127991],"allowPlayerStep":"1","collisionType":"Visible Mesh Final","decalType":"Visible Mesh Final","isRenderEnabled":false,"rotationMatrix":[0.999737203,-0.0219849702,-0.00649816869,0.0219427515,0.999738097,-0.00649859663,0.00663933856,0.00635430124,0.9999578],"scale":[2.5582099,2.13805008,2.43403006],"shapeName":"/levels/atoll/art/shapes/sketchup/murrocher/murrocher.dae"}
{"class":"TSStatic","persistentId":"2c7677cb-d61b-4e40-b0b7-260ad117f929","__parent":"tourvolcanmr","position":[1135.97998,559.625,-386.114014],"allowPlayerStep":"1","collisionType":"Visible Mesh Final","decalType":"Visible Mesh Final","isRenderEnabled":false,"rotationMatrix":[-0.0995841026,-0.994044065,0.044267606,0.99494493,-0.098897934,0.017434461,-0.0129526518,0.045780018,0.998867571],"scale":[2.5582099,2.13805008,2.43403006],"shapeName":"/levels/atoll/art/shapes/sketchup/murrocher/murrocher.dae"}
{"class":"TSStatic","persistentId":"2e033ae6-d93e-457e-905d-513429534f33","__parent":"tourvolcanmr","position":[552.396973,118.286003,-389.308014],"allowPlayerStep":"1","collisionType":"Visible Mesh Final","decalType":"Visible Mesh Final","isRenderEnabled":false,"rotationMatrix":[-0.736824393,-0.673268616,-0.0616364181,0.673752248,-0.738790512,0.0156946369,-0.0561031103,-0.0299634859,0.99797529],"scale":[3.28978992,2.13805008,1.85562003],"shapeName":"/levels/atoll/art/shapes/sketchup/murrocher/murrocher.dae"}
{"class":"TSStatic","persistentId":"2f6fbe0e-d089-4f87-ad6b-0e49802395a9","__parent":"tourvolcanmr","position":[1138.31995,806.742004,-390.727997],"allowPlayerStep":"1","collisionType":"Visible Mesh Final","decalType":"Visible Mesh Final","isRenderEnabled":false,"rotationMatrix":[-0.00381803513,-0.998502135,0.0545805991,0.999954343,-0.00429034233,-0.00853956304,0.00876094401,0.0545454994,0.998472869],"scale":[2.5582099,2.13805008,2.43403006],"shapeName":"/levels/atoll/art/shapes/sketchup/murrocher/murrocher.dae"}
