{"name":"Cars01","class":"SimGroup","persistentId":"8393b0f9-c21d-46d5-a5aa-8ea05ae9a9a7","__parent":"vehicles"}
{"class":"TSStatic","persistentId":"744b2f78-9dc4-4286-99ba-a32fbba5016a","__parent":"vehicles","position":[43.8549538,819.963257,13.1118326],"isRenderEnabled":false,"rotationMatrix":[0.999039173,0,0.043822512,0,1,0,-0.043822512,0,0.999039173],"shapeName":"/levels/RoadAtlanta/art/TSOs/free/Firetruck.dae"}
{"class":"TSStatic","persistentId":"515f0ed3-37d8-450d-9989-dc5c62f9f0bd","__parent":"vehicles","position":[51.0694389,815.817688,13.1096458],"isRenderEnabled":false,"rotationMatrix":[0.99954766,0,0.0300742127,0,1,0,-0.0300742127,0,0.99954766],"shapeName":"/levels/RoadAtlanta/art/TSOs/free/Ambulance.dae"}
{"class":"TSStatic","persistentId":"56e9918b-4fb6-4e94-8f0e-0645d7a4d9a0","__parent":"vehicles","position":[-155.197495,-428.944489,20.7040634],"isRenderEnabled":false,"shapeName":"/levels/RoadAtlanta/art/TSOs/free/Buss01.DAE"}
{"class":"TSStatic","persistentId":"83126a3f-ca2f-45c9-99be-01c038d7f1d2","__parent":"vehicles","position":[-149.472839,-436.96936,20.0597343],"isRenderEnabled":false,"shapeName":"/levels/RoadAtlanta/art/TSOs/free/Buss02.dae"}
{"class":"TSStatic","persistentId":"dcc69065-eb79-4d35-9d54-8235a04ab839","__parent":"vehicles","position":[-163.656616,-422.315979,20.6234856],"isRenderEnabled":false,"shapeName":"/levels/RoadAtlanta/art/TSOs/free/Buss03.DAE"}
{"class":"TSStatic","persistentId":"fa539675-2aff-46ca-af86-de2366470956","__parent":"vehicles","position":[79.6121597,698.751099,2.35802746],"isRenderEnabled":false,"shapeName":"/levels/RoadAtlanta/art/TSOs/free/Ambulance.dae"}
{"class":"TSStatic","persistentId":"f9da0f54-a901-4987-afa5-530b6b7be12f","__parent":"vehicles","position":[84.0668488,677.827881,2.45896053],"isRenderEnabled":false,"shapeName":"/levels/RoadAtlanta/art/TSOs/free/Firetruck.dae"}
{"class":"TSStatic","persistentId":"3199ecd1-d3ab-43ab-a7c9-8aef66493981","__parent":"vehicles","position":[445.094818,505.300964,-4.7897706],"isRenderEnabled":false,"rotationMatrix":[-0.064637512,-0.997365594,-0.0329423845,0.997191846,-0.0633041412,-0.0400272384,0.0378363729,-0.0354370959,0.998656332],"shapeName":"/levels/RoadAtlanta/art/TSOs/free/Ambulance.dae"}
{"class":"TSStatic","persistentId":"ef30bbff-1be7-4b63-9921-88204bc86c66","__parent":"vehicles","position":[-213.246475,-860.06488,7.65768814],"isRenderEnabled":false,"rotationMatrix":[-0.565921009,-0.824431717,0.0068205907,0.824371755,-0.565962195,-0.00993894506,0.0120541789,-1.9555996e-06,0.999927282],"shapeName":"/levels/RoadAtlanta/art/TSOs/free/Firetruck.dae"}
{"class":"TSStatic","persistentId":"13b40346-b65c-468d-829d-bbe5b88ec771","__parent":"vehicles","position":[-221.454819,-862.404358,7.79210949],"isRenderEnabled":false,"rotationMatrix":[-0.659365118,-0.751823545,0,0.751823545,-0.659365118,0,0,0,1],"shapeName":"/levels/RoadAtlanta/art/TSOs/free/Ambulance.dae"}
{"class":"TSStatic","persistentId":"a33741e2-bd94-42d2-9308-c7272b872f65","__parent":"vehicles","position":[482.18808,348.761169,-6.44872999],"isRenderEnabled":false,"rotationMatrix":[-0.282199144,-0.959350526,-0.00323555199,0.959287465,-0.282217622,0.0109985694,-0.0114646126,-3.86498868e-08,0.999934256],"shapeName":"/levels/RoadAtlanta/art/TSOs/free/Buss01.DAE"}
{"class":"TSStatic","persistentId":"e9da4eff-bbdc-4b02-821c-f04216b2bfde","__parent":"vehicles","position":[479.591858,353.939392,-6.60597754],"isRenderEnabled":false,"rotationMatrix":[-0.282199144,-0.959350526,-0.00323555199,0.959287465,-0.282217622,0.0109985694,-0.0114646126,-3.86498868e-08,0.999934256],"shapeName":"/levels/RoadAtlanta/art/TSOs/free/Buss02.dae"}
{"class":"TSStatic","persistentId":"8e4fe837-023c-40d0-8f3c-700b95c76a2e","__parent":"vehicles","position":[480.836456,359.434204,-6.94819832],"isRenderEnabled":false,"rotationMatrix":[-0.282205611,-0.95934844,-0.00323559949,0.959285378,-0.282224149,0.0109985899,-0.0114646442,-1.16415322e-10,0.999934316],"shapeName":"/levels/RoadAtlanta/art/TSOs/free/Buss03.DAE"}
{"class":"TSStatic","persistentId":"1b2b2ce4-4837-49a0-87e5-e0c3ed5bad66","__parent":"vehicles","position":[480.35849,365.938477,-7.17768908],"isRenderEnabled":false,"rotationMatrix":[-0.282199144,-0.959350526,-0.00323555199,0.959287465,-0.282217622,0.0109985694,-0.0114646126,-3.86498868e-08,0.999934256],"shapeName":"/levels/RoadAtlanta/art/TSOs/free/Buss04.DAE"}
{"class":"TSStatic","persistentId":"05459642-3bbe-4488-a6da-30e9f4b775a5","__parent":"vehicles","position":[478.089661,370.784546,-7.27604342],"isRenderEnabled":false,"rotationMatrix":[-0.282199144,-0.959350526,-0.00323555199,0.959287465,-0.282217622,0.0109985694,-0.0114646126,-3.86498868e-08,0.999934256],"shapeName":"/levels/RoadAtlanta/art/TSOs/free/Buss01.DAE"}
{"class":"TSStatic","persistentId":"e2cad1aa-ee72-4eca-ba56-9ead711a1150","__parent":"vehicles","position":[430.914978,364.075043,-6.00465727],"isRenderEnabled":false,"rotationMatrix":[-0.647463381,0.762096643,0,-0.762096584,-0.647463441,0,0,0,1],"shapeName":"/levels/RoadAtlanta/art/TSOs/free/Buss04.DAE"}
{"class":"TSStatic","persistentId":"92f5b8fa-387b-4495-a7df-df31fe9ed0df","__parent":"vehicles","position":[425.658142,367.226105,-5.93939447],"isRenderEnabled":false,"rotationMatrix":[-0.647463381,0.762096643,0,-0.762096584,-0.647463441,0,0,0,1],"shapeName":"/levels/RoadAtlanta/art/TSOs/free/Buss03.DAE"}
{"class":"TSStatic","persistentId":"fccc7a44-3980-45af-b70f-552fb01a7666","__parent":"vehicles","position":[421.877319,370.563263,-5.96090698],"isRenderEnabled":false,"rotationMatrix":[-0.647463381,0.762096643,0,-0.762096584,-0.647463441,0,0,0,1],"shapeName":"/levels/RoadAtlanta/art/TSOs/free/Buss02.dae"}
{"class":"TSStatic","persistentId":"9e64a8c2-332f-43ba-a8d3-b4a1eb73f87f","__parent":"vehicles","position":[416.647034,372.718048,-5.81882429],"isRenderEnabled":false,"rotationMatrix":[-0.647458076,0.762101054,0,-0.762101054,-0.647458076,0,0,0,1],"shapeName":"/levels/RoadAtlanta/art/TSOs/free/Buss01.DAE"}
{"class":"TSStatic","persistentId":"7e366de2-4d2d-4d31-9539-976e75ce24a8","__parent":"vehicles","position":[109.942619,632.180542,1.01112747],"isRenderEnabled":false,"rotationMatrix":[0.498931497,-0.866641521,0,0.866641521,0.498931497,0,0,0,1],"shapeName":"/levels/RoadAtlanta/art/TSOs/free/Buss04.DAE"}
{"class":"TSStatic","persistentId":"0cbd7370-2c30-448a-9919-5640524c8ff4","__parent":"vehicles","position":[115.412453,625.515747,0.878834128],"isRenderEnabled":false,"rotationMatrix":[0.498931497,-0.866641521,0,0.866641521,0.498931497,0,0,0,1],"shapeName":"/levels/RoadAtlanta/art/TSOs/free/Buss03.DAE"}
{"class":"TSStatic","persistentId":"a7cc541c-663c-4bf9-9465-1827f3467d44","__parent":"vehicles","position":[124.904228,614.913086,0.130839229],"isRenderEnabled":false,"rotationMatrix":[-0.606171608,0.795333862,0,-0.795333922,-0.606171668,0,0,0,1],"shapeName":"/levels/RoadAtlanta/art/TSOs/free/Buss02.dae"}
{"class":"TSStatic","persistentId":"8571dbe3-c6d2-49e7-87d3-6f6322eaa099","__parent":"vehicles","position":[120.364105,617.294922,0.42863214],"isRenderEnabled":false,"rotationMatrix":[-0.606165886,0.795338333,0,-0.795338273,-0.606165886,0,0,0,1],"shapeName":"/levels/RoadAtlanta/art/TSOs/free/Buss01.DAE"}
