{"class":"TSStatic","persistentId":"046bff0b-3af0-44da-b2cc-4e0934fcb914","__parent":"Cars01","position":[-228.563339,-862.119019,7.95540857],"isRenderEnabled":false,"rotationMatrix":[-0.817169726,-0.576396227,0,0.576396227,-0.817169726,0,0,0,1],"shapeName":"/levels/RoadAtlanta/art/TSOs/free/Car_Pickup.dae"}
{"class":"TSStatic","persistentId":"20c5bc0b-238f-45ff-a0de-416e98e4bf87","__parent":"Cars01","position":[196.090652,-7.39389277,5.62831688],"isRenderEnabled":false,"rotationMatrix":[-0.992316306,0.116265342,-0.0423118621,-0.113751948,-0.991836786,-0.0576253608,-0.0486662872,-0.0523695387,0.997441053],"shapeName":"/levels/RoadAtlanta/art/TSOs/free/Car_Blue.dae"}
{"class":"TSStatic","persistentId":"1e5430aa-f365-46b1-b7c4-70b9ecc43840","__parent":"Cars01","position":[193.596039,-11.9768257,5.33852005],"isRenderEnabled":false,"rotationMatrix":[0.997849643,-0.00140450383,0.0655352399,-3.49245965e-10,0.999770284,0.0214263648,-0.0655502975,-0.0213802755,0.997620463],"shapeName":"/levels/RoadAtlanta/art/TSOs/free/Car_Pickup.dae"}
{"class":"TSStatic","persistentId":"6ee4adc8-52ca-449d-a20d-cf8cc786375a","__parent":"Cars01","position":[190.952179,-17.098402,4.94716454],"isRenderEnabled":false,"rotationMatrix":[0.998284042,0,0.0585587956,0,1,0,-0.0585587956,0,0.998284042],"shapeName":"/levels/RoadAtlanta/art/TSOs/free/Car_Blue.dae"}
{"class":"TSStatic","persistentId":"87b3b284-5eb9-4240-bb48-f3a4f3cca6e5","__parent":"Cars01","position":[213.023087,61.4260368,8.23714638],"isRenderEnabled":false,"rotationMatrix":[0.185345247,-0.982673347,0,0.982673347,0.185345247,0,0,0,1],"shapeName":"/levels/RoadAtlanta/art/TSOs/free/Car_Pickup.dae"}
{"class":"TSStatic","persistentId":"12491c20-33f1-4808-99ca-4db45a634dc2","__parent":"Cars01","position":[365.800781,203.542343,13.482935],"isRenderEnabled":false,"rotationMatrix":[0.871685982,-0.490064949,0,0.490064949,0.871685982,0,0,0,1],"shapeName":"/levels/RoadAtlanta/art/TSOs/free/Car_Pickup.dae"}
{"class":"TSStatic","persistentId":"21cccb7b-1f6a-4fb1-b27c-e678ba0b1fd6","__parent":"Cars01","position":[188.981049,-23.8503265,4.66463137],"isRenderEnabled":false,"rotationMatrix":[0.999298453,0,0.0374503173,0,1,0,-0.0374503173,0,0.999298453],"shapeName":"/levels/RoadAtlanta/art/TSOs/free/Car_Green.dae"}
{"class":"TSStatic","persistentId":"4a54bfc4-ea69-46ee-8cb1-b7e8db02a945","__parent":"Cars01","position":[172.958389,-71.4679718,2.31195521],"isRenderEnabled":false,"rotationMatrix":[0.999318242,-0.00131892588,0.0368952639,1.60071068e-10,0.999361694,0.0357250161,-0.0369188301,-0.0357006602,0.998680294],"shapeName":"/levels/RoadAtlanta/art/TSOs/free/Car_Pickup.dae"}
{"class":"TSStatic","persistentId":"689a2681-fc1d-4b03-9039-8e1f8aa16aa5","__parent":"Cars01","position":[55.3648682,810.874023,12.9425297],"isRenderEnabled":false,"shapeName":"/levels/RoadAtlanta/art/TSOs/free/Car_Pickup.dae"}
{"class":"TSStatic","persistentId":"2d6efb3c-0a4c-4714-bb63-7d5238f1901d","__parent":"Cars01","position":[-142.496475,-428.696411,19.7453575],"isRenderEnabled":false,"shapeName":"/levels/RoadAtlanta/art/TSOs/free/Car_Red.dae"}
{"class":"TSStatic","persistentId":"61ca4e1f-cc10-40eb-8a19-fff636d820f9","__parent":"Cars01","position":[-164.516983,-390.69577,19.1643333],"isRenderEnabled":false,"shapeName":"/levels/RoadAtlanta/art/TSOs/free/Car_Pickup.dae"}
{"class":"TSStatic","persistentId":"72b03345-06f2-4577-83dd-c35eb7becf33","__parent":"Cars01","position":[-229.761932,-139.861191,23.0114403],"isRenderEnabled":false,"rotationMatrix":[-0.962145984,-0.265809327,-0.060173817,0.265291005,-0.964025915,0.0165916346,-0.0624193251,2.79379764e-09,0.998049974],"shapeName":"/levels/RoadAtlanta/art/TSOs/free/Car_Pickup.dae"}
{"class":"TSStatic","persistentId":"0f6585b3-7489-4426-8231-14ddd6b3ea15","__parent":"Cars01","position":[-209.711273,-599.1604,12.974041],"isRenderEnabled":false,"shapeName":"/levels/RoadAtlanta/art/TSOs/free/Car_Blue.dae"}
{"class":"TSStatic","persistentId":"131d61e7-30ef-4ee0-9a78-e81b5c929f5a","__parent":"Cars01","position":[-210.176315,-603.295166,12.7641516],"isRenderEnabled":false,"shapeName":"/levels/RoadAtlanta/art/TSOs/free/Car_Green.dae"}
{"class":"TSStatic","persistentId":"20fe429d-14ad-419f-b791-6b0b2f285818","__parent":"Cars01","position":[-209.34996,-594.711304,13.372138],"isRenderEnabled":false,"shapeName":"/levels/RoadAtlanta/art/TSOs/free/Car_Pickup.dae"}
{"class":"TSStatic","persistentId":"b5267d48-cfe3-4167-a945-4f10d2889a2c","__parent":"Cars01","position":[-208.985687,-561.919983,15.7148046],"isRenderEnabled":false,"shapeName":"/levels/RoadAtlanta/art/TSOs/free/Car_Red.dae"}
{"class":"TSStatic","persistentId":"028deaca-4726-48ac-a808-c7d67fff8db0","__parent":"Cars01","position":[-220.831253,188.584503,21.6803856],"isRenderEnabled":false,"shapeName":"/levels/RoadAtlanta/art/TSOs/free/Car_Pickup.dae"}
{"class":"TSStatic","persistentId":"81c3e396-a37c-43e6-a12a-6d20b840e457","__parent":"Cars01","position":[-243.587677,116.654518,24.130352],"isRenderEnabled":false,"shapeName":"/levels/RoadAtlanta/art/TSOs/free/Car_Green.dae"}
{"class":"TSStatic","persistentId":"eb65c941-ddce-429b-93fa-36a25622c270","__parent":"Cars01","position":[-241.277649,122.697975,24.0670738],"isRenderEnabled":false,"shapeName":"/levels/RoadAtlanta/art/TSOs/free/Car_Red.dae"}
{"class":"TSStatic","persistentId":"b7fb77c9-d8e6-4a8b-a776-cf093f055836","__parent":"Cars01","position":[424.90979,552.087891,-1.46951854],"isRenderEnabled":false,"rotationMatrix":[-0.748999357,-0.662570298,0,0.662570298,-0.748999357,0,0,0,1],"shapeName":"/levels/RoadAtlanta/art/TSOs/free/Car_Pickup.dae"}
{"class":"TSStatic","persistentId":"9617fdb8-882a-4e01-9907-5cbcd0eb90ce","__parent":"Cars01","position":[430.128723,546.802856,-1.56500387],"isRenderEnabled":false,"rotationMatrix":[0.093876861,0.995583594,0,-0.995583594,0.093876861,0,0,0,1],"shapeName":"/levels/RoadAtlanta/art/TSOs/free/Car_Red.dae"}
{"class":"TSStatic","persistentId":"f7ed220f-e618-42aa-b563-c177af706dc5","__parent":"Cars01","position":[417.62207,568.75238,-0.371114135],"isRenderEnabled":false,"rotationMatrix":[0.661934733,0.749560773,0,-0.749560773,0.661934733,0,0,0,1],"shapeName":"/levels/RoadAtlanta/art/TSOs/free/Car_Green.dae"}
{"class":"TSStatic","persistentId":"681d2de5-e74c-4d4b-9dc8-df48025adbdd","__parent":"Cars01","position":[406.170441,590.208435,1.00033545],"isRenderEnabled":false,"rotationMatrix":[0.406962067,0.913009405,0.0282213502,-0.913445473,0.406767815,0.0125732962,1.39692824e-09,-0.03089552,0.999522507],"shapeName":"/levels/RoadAtlanta/art/TSOs/free/Car_Blue.dae"}
{"class":"TSStatic","persistentId":"aa2fc17e-a297-44f1-a9d9-670ebf875860","__parent":"Cars01","position":[457.529633,287.356598,1.60410714],"isRenderEnabled":false,"rotationMatrix":[0.999873459,-0.0158673935,0.00109566445,0.0159051791,0.997498274,-0.0688785911,2.47357773e-10,0.0688873008,0.997624576],"shapeName":"/levels/RoadAtlanta/art/TSOs/free/Car_Pickup.dae"}
{"class":"TSStatic","persistentId":"572a2d1f-e885-4484-9243-a0cdf1fcae02","__parent":"Cars01","position":[461.228516,295.076202,0.373263896],"isRenderEnabled":false,"rotationMatrix":[-0.965183079,0.260598034,-0.0225427281,-0.261571348,-0.961592376,0.0831813663,-4.65605243e-09,0.0861818045,0.99627924],"shapeName":"/levels/RoadAtlanta/art/TSOs/free/Car_Red.dae"}
{"class":"TSStatic","persistentId":"4dbdb598-925d-410b-a92d-594a0fca9649","__parent":"Cars01","position":[455.058533,278.94281,2.57747126],"isRenderEnabled":false,"rotationMatrix":[0.964946091,-0.262067705,0.0141440844,0.262449056,0.963543773,-0.0520034954,-6.75047174e-09,0.0538926832,0.9985466],"shapeName":"/levels/RoadAtlanta/art/TSOs/free/Car_Blue.dae"}
{"class":"TSStatic","persistentId":"7263199d-21de-4fa6-8687-026faf6b421a","__parent":"Cars01","position":[451.864532,273.978577,3.22536898],"isRenderEnabled":false,"rotationMatrix":[-0.381635517,0.922072589,-0.0643105954,-0.924312711,-0.380710632,0.0265529249,-5.81484416e-10,0.0695766285,0.997576654],"shapeName":"/levels/RoadAtlanta/art/TSOs/free/Car_Green.dae"}
{"class":"TSStatic","persistentId":"c6d2d1af-cdf3-436b-ad42-3c6cfb4d8d8a","__parent":"Cars01","position":[-224.829422,182.87265,22.2262173],"isRenderEnabled":false,"shapeName":"/levels/RoadAtlanta/art/TSOs/free/Car_Blue.dae"}
{"class":"TSStatic","persistentId":"bd664a25-7b76-4458-b4ac-2f24994ced58","__parent":"Cars01","position":[150.7397,722.771362,4.19016314],"isRenderEnabled":false,"rotationMatrix":[0.418165684,-0.907584429,-0.0378067493,0.908272386,0.418372542,0.00264390744,0.0134177329,-0.0354444161,0.999281645],"shapeName":"/levels/RoadAtlanta/art/TSOs/free/Car_Pickup.dae"}
{"class":"TSStatic","persistentId":"34378106-9a43-4164-bb8e-a8578008d9c0","__parent":"Cars01","position":[110.533264,748.054382,5.49847412],"isRenderEnabled":false,"rotationMatrix":[0.560985267,0.827705264,0.0140809426,-0.827709258,0.560541272,0.0262555927,0.0138389468,-0.0263839271,0.999556065],"shapeName":"/levels/RoadAtlanta/art/TSOs/free/Car_Red.dae"}
{"class":"TSStatic","persistentId":"10a214ba-8ef7-460e-9163-efa128480bc8","__parent":"Cars01","position":[124.648094,765.549316,8.50255203],"isRenderEnabled":false,"rotationMatrix":[-0.897120297,-0.43675831,-0.0664564818,0.438543797,-0.898593843,-0.0144181643,-0.0534201264,-0.0420788676,0.997685552],"shapeName":"/levels/RoadAtlanta/art/TSOs/free/Car_Green.dae"}
{"class":"TSStatic","persistentId":"0ed11c96-480f-4be3-acc6-7cde2b163b38","__parent":"Cars01","position":[132.304413,761.533997,8.43554688],"isRenderEnabled":false,"rotationMatrix":[-0.954919159,-0.285368443,-0.0818044543,0.291160613,-0.954066515,-0.070588097,-0.057903301,-0.0912243053,0.994145393],"shapeName":"/levels/RoadAtlanta/art/TSOs/free/Car_Blue.dae"}
{"class":"TSStatic","persistentId":"ca3317a3-be6a-40ad-96c1-781655ef199c","__parent":"Cars01","position":[529.58844,442.139496,-6.7317214],"isRenderEnabled":false,"rotationMatrix":[0.807847917,-0.585785866,-0.0650905669,0.58750546,0.809164941,0.0094888173,0.0471105911,-0.0459065735,0.997834206],"shapeName":"/levels/RoadAtlanta/art/TSOs/free/Car_Pickup.dae"}
{"class":"TSStatic","persistentId":"c33a55c8-8064-4bea-a6fc-e4471f52c93d","__parent":"Cars01","position":[548.03949,456.410156,-8.75143719],"isRenderEnabled":false,"rotationMatrix":[0.9985497,0,-0.0538376123,0,1,0,0.0538376123,0,0.9985497],"shapeName":"/levels/RoadAtlanta/art/TSOs/free/Car_Blue.dae"}
{"class":"TSStatic","persistentId":"cb49acb7-a2fe-4702-b328-518483d6359a","__parent":"Cars01","position":[536.538879,434.107361,-7.1574564],"isRenderEnabled":false,"rotationMatrix":[0.999014795,0,-0.0443753824,0,1,0,0.0443753824,0,0.999014795],"shapeName":"/levels/RoadAtlanta/art/TSOs/free/Car_Green.dae"}
{"class":"TSStatic","persistentId":"2d57b8ec-e8e0-463e-8282-55f5c5880e71","__parent":"Cars01","position":[452.354095,517.171326,-2.94761086],"isRenderEnabled":false,"rotationMatrix":[0.0883795023,0.996086419,0,-0.996086419,0.0883795023,0,0,0,1],"shapeName":"/levels/RoadAtlanta/art/TSOs/free/Car_Blue.dae"}
{"class":"TSStatic","persistentId":"bd6db0fc-6dfe-4c38-8f3f-a2e4012f3bfd","__parent":"Cars01","position":[456.632996,514.716003,-2.93532252],"isRenderEnabled":false,"rotationMatrix":[-0.0712321773,-0.997460186,0,0.997460186,-0.0712321773,0,0,0,1],"shapeName":"/levels/RoadAtlanta/art/TSOs/free/Car_Green.dae"}
{"class":"TSStatic","persistentId":"b59ee25c-5c46-4f9f-8697-e62a3cd67a7c","__parent":"Cars01","position":[462.564026,508.547729,-2.91721153],"isRenderEnabled":false,"shapeName":"/levels/RoadAtlanta/art/TSOs/free/Car_Pickup.dae"}
{"class":"TSStatic","persistentId":"3e165d39-6a74-47d8-a589-3846717a4296","__parent":"Cars01","position":[495.930817,480.928589,-3.35284567],"isRenderEnabled":false,"shapeName":"/levels/RoadAtlanta/art/TSOs/free/Car_Red.dae"}
{"class":"TSStatic","persistentId":"cb54e728-b217-4528-99a2-1c478777fe17","__parent":"Cars01","position":[498.995087,477.93631,-3.33510232],"isRenderEnabled":false,"rotationMatrix":[0.856112838,-0.516788065,0,0.516788065,0.856112838,0,0,0,1],"shapeName":"/levels/RoadAtlanta/art/TSOs/free/Car_Green.dae"}
{"class":"TSStatic","persistentId":"74720181-b260-4f82-a743-eb90c1815722","__parent":"Cars01","position":[371.722015,210.909027,13.4525356],"isRenderEnabled":false,"shapeName":"/levels/RoadAtlanta/art/TSOs/free/Car_Blue.dae"}
{"class":"TSStatic","persistentId":"1f5abe90-0c69-4d54-ab44-ad5d1ff0ab1c","__parent":"Cars01","position":[375.65451,215.795502,13.4335127],"isRenderEnabled":false,"shapeName":"/levels/RoadAtlanta/art/TSOs/free/Car_Green.dae"}
{"class":"TSStatic","persistentId":"9d541099-e3dc-4b16-bbe6-fb90fb933a1a","__parent":"Cars01","position":[-157.910126,681.737854,29.3520775],"isRenderEnabled":false,"shapeName":"/levels/RoadAtlanta/art/TSOs/free/Car_Pickup.dae"}
{"class":"TSStatic","persistentId":"3431992d-a609-4090-b651-043f5aabc6e1","__parent":"Cars01","position":[-153.053604,-213.719025,17.7810192],"isRenderEnabled":false,"rotationMatrix":[0.99591285,0,-0.0903192163,0,1,0,0.0903192163,0,0.99591285],"shapeName":"/levels/RoadAtlanta/art/TSOs/free/Car_Blue.dae"}
{"class":"TSStatic","persistentId":"78c3bd28-415c-437c-b760-074d33cd1b1a","__parent":"Cars01","position":[-145.36972,-193.503067,18.9668884],"isRenderEnabled":false,"rotationMatrix":[0.138450757,0.98835808,0.0630810335,-0.988741219,0.13429217,0.065998733,0.0567590818,-0.0715083629,0.99582392],"shapeName":"/levels/RoadAtlanta/art/TSOs/free/Car_Pickup.dae"}
