{"name":"lapSplit1","class":"BeamNGTrigger","persistentId":"1a32f8de-6141-48b1-8533-69967df60b0c","__parent":"SimGroup_","position":[-68.2477798,364.236847,211.21492],"luaFunction":"onBeamNGTrigger","rotationMatrix":[0.706066608,-0.70814538,0,0.70814538,0.706066608,0,0,0,1],"scale":[13.931695,2,7.10415125],"triggerColor":[0,255,255,20]}
{"name":"stop","class":"BeamNGTrigger","persistentId":"27e646e1-0c3d-4628-91c6-416c0c30ec8e","__parent":"SimGroup_","position":[-101.074013,1507.76392,294.791748],"luaFunction":"onBeamNGTrigger","rotationMatrix":[0.948116302,0.317923695,0,-0.317923695,0.948116302,0,0,0,1],"scale":[11.6674318,2,6],"triggerColor":[0,255,0,20]}
{"name":"start","class":"BeamNGTrigger","persistentId":"b7d1e866-ce98-4eca-8f38-c1f68ccded1d","__parent":"SimGroup_","position":[-19.8584538,2.81331325,201.54361],"luaFunction":"onBeamNGTrigger","rotationMatrix":[0.155418575,0.987649977,-0.0198262557,-0.987848938,0.155393124,-0.00282999408,0.000285825692,0.0200251751,0.99979943],"scale":[11.6674318,2,6],"triggerColor":[0,255,0,20]}
{"name":"SimGroup_","class":"SimGroup","persistentId":"698d33bb-333f-4780-826f-65bb9899d96a","groupPosition":"0 0 0"}
