{"class":"TSStatic","persistentId":"8e56110d-ed51-46cb-9d95-97d73e1472d9","__parent":"Winn","position":[196.423859,473.317474,9.47959328],"collisionType":"Visible Mesh Final","isRenderEnabled":false,"rotationMatrix":[0.786154807,-0.617122829,-0.0334693454,0.616649091,0.786865473,-0.024226075,0.041286286,-0.00159339549,0.999145865],"shapeName":"/levels/RoadAtlanta/art/TSOs/free/WINNEBAGO3.dae"}
{"class":"TSStatic","persistentId":"e67b8d59-e9bf-41b0-8aeb-12dec7fba3f6","__parent":"Winn","position":[223.528839,455.977264,8.7349472],"collisionType":"Visible Mesh Final","isRenderEnabled":false,"rotationMatrix":[0.786154807,-0.617122829,-0.0334693454,0.616649091,0.786865473,-0.024226075,0.041286286,-0.00159339549,0.999145865],"shapeName":"/levels/RoadAtlanta/art/TSOs/free/WINNEBAGO3.dae"}
{"class":"TSStatic","persistentId":"4033a080-70c5-4fc6-a0d0-86984363571d","__parent":"Winn","position":[156.244263,502.667328,11.0422535],"collisionType":"Visible Mesh Final","isRenderEnabled":false,"rotationMatrix":[0.962236762,-0.266549826,-0.0552599244,0.265222877,0.963714361,-0.0302360673,0.061314065,0.0144380601,0.998013794],"shapeName":"/levels/RoadAtlanta/art/TSOs/free/WINNEBAGO3.dae"}
{"class":"TSStatic","persistentId":"6e77b816-84ef-4e95-8c55-ed5ba1396683","__parent":"Winn","position":[-150.588364,691.897278,29.0739326],"collisionType":"Visible Mesh Final","isRenderEnabled":false,"rotationMatrix":[-0.668712974,-0.74352181,0,0.74352181,-0.668712974,0,0,0,1],"shapeName":"/levels/RoadAtlanta/art/TSOs/free/WINNEBAGO3.dae"}
{"class":"TSStatic","persistentId":"3e32e1b0-d6cd-4c85-aaa4-8ff389e5682a","__parent":"Winn","position":[323.179108,346.657928,15.1652908],"collisionType":"Visible Mesh Final","isRenderEnabled":false,"shapeName":"/levels/RoadAtlanta/art/TSOs/free/WINNEBAGO2.dae"}
{"class":"TSStatic","persistentId":"b79b1a77-b6b2-4525-95c8-88f79bdc9daf","__parent":"Winn","position":[341.869781,324.060425,15.1020012],"collisionType":"Visible Mesh Final","isRenderEnabled":false,"rotationMatrix":[0.863098025,-0.501711965,-0.0578528456,0.501347601,0.864974022,-0.0217068605,0.0609317794,-0.0102692498,0.998089254],"shapeName":"/levels/RoadAtlanta/art/TSOs/free/WINNEBAGO3.dae"}
{"class":"TSStatic","persistentId":"7c1afb9f-5d4e-4572-a590-d16c015b999c","__parent":"Winn","position":[571.749146,472.134094,-10.0068169],"collisionType":"Visible Mesh Final","isRenderEnabled":false,"rotationMatrix":[-0.111384884,0.993776977,0,-0.993776977,-0.111384884,0,0,0,1],"shapeName":"/levels/RoadAtlanta/art/TSOs/free/WINNEBAGO3.dae"}
{"class":"TSStatic","persistentId":"5b09954f-0fd3-4f8a-8ff8-84c440ec5115","__parent":"Winn","position":[583.722595,420.561188,-10.3278008],"collisionType":"Visible Mesh Final","isRenderEnabled":false,"rotationMatrix":[-0.111384884,0.993776977,0,-0.993776977,-0.111384884,0,0,0,1],"shapeName":"/levels/RoadAtlanta/art/TSOs/free/WINNEBAGO3.dae"}
{"class":"TSStatic","persistentId":"a758649b-8b32-425c-9034-7d59a1370cd4","__parent":"Winn","position":[573.569153,399.59903,-10.5330648],"collisionType":"Visible Mesh Final","isRenderEnabled":false,"rotationMatrix":[0.866757512,0.498729765,0,-0.498729765,0.866757512,0,0,0,1],"shapeName":"/levels/RoadAtlanta/art/TSOs/free/WINNEBAGO3.dae"}
{"class":"TSStatic","persistentId":"7f0609b5-d508-43b1-9076-23ce9290a22c","__parent":"Winn","position":[547.26709,461.382568,-8.90719128],"collisionType":"Visible Mesh Final","isRenderEnabled":false,"rotationMatrix":[0.0772342384,0.997009635,-0.00212138193,-0.996634007,0.0772633925,0.0273743905,0.0274564326,-2.3271024e-10,0.999623179],"shapeName":"/levels/RoadAtlanta/art/TSOs/free/WINNEBAGO2.dae"}
{"class":"TSStatic","persistentId":"83030bee-5517-459d-a576-ccffcfd26e12","__parent":"Winn","position":[582.695312,431.078949,-10.5363092],"collisionType":"Visible Mesh Final","isRenderEnabled":false,"rotationMatrix":[-0.240924492,0.970542848,0,-0.970542848,-0.240924492,0,0,0,1],"shapeName":"/levels/RoadAtlanta/art/TSOs/free/WINNEBAGO2.dae"}
{"class":"TSStatic","persistentId":"ed0c9f5a-695c-48ef-aa41-ec65c91848c9","__parent":"Winn","position":[573.741821,461.663727,-10.0322809],"collisionType":"Visible Mesh Final","isRenderEnabled":false,"rotationMatrix":[-0.426429719,0.904519558,0,-0.904519558,-0.426429719,0,0,0,1],"shapeName":"/levels/RoadAtlanta/art/TSOs/free/WINNEBAGO2.dae"}
{"class":"TSStatic","persistentId":"5ea0a15b-dfa2-4ace-8b36-08e80a06bef6","__parent":"Winn","position":[582.573181,406.155304,-10.6626797],"collisionType":"Visible Mesh Final","isRenderEnabled":false,"rotationMatrix":[0.926858425,0.375209361,-0.0121777374,-0.375406742,0.926370442,-0.0300661698,2.09588968e-09,0.0324386619,0.999473751],"shapeName":"/levels/RoadAtlanta/art/TSOs/free/WINNEBAGO.dae"}
{"class":"TSStatic","persistentId":"b999987a-197d-412e-bc1c-1cbc24e5e417","__parent":"Winn","position":[550.846985,470.748352,-9.25834465],"collisionType":"Visible Mesh Final","isRenderEnabled":false,"rotationMatrix":[-0.271248132,-0.96244508,0.0111034531,0.96164,-0.271475226,-0.0393644273,0.0409004688,-1.02135411e-08,0.999163032],"shapeName":"/levels/RoadAtlanta/art/TSOs/free/WINNEBAGO.dae"}
{"class":"TSStatic","persistentId":"7137b24f-70f8-4692-8603-c9f5db1217ad","__parent":"Winn","position":[464.347198,535.53125,-2.60636687],"collisionType":"Visible Mesh Final","isRenderEnabled":false,"rotationMatrix":[-0.275688082,0.961246967,0,-0.961246967,-0.275688082,0,0,0,1],"shapeName":"/levels/RoadAtlanta/art/TSOs/free/WINNEBAGO3.dae"}
{"class":"TSStatic","persistentId":"8760adf5-6d99-45cc-a6d0-5ac45bb40e17","__parent":"Winn","position":[517.835083,505.901611,-3.33665061],"collisionType":"Visible Mesh Final","isRenderEnabled":false,"rotationMatrix":[-0.992102683,-0.125427917,0,0.125427917,-0.992102683,0,0,0,1],"shapeName":"/levels/RoadAtlanta/art/TSOs/free/WINNEBAGO3.dae"}
{"class":"TSStatic","persistentId":"174aae6b-58e2-4f00-a1b1-d352f9eff920","__parent":"Winn","position":[479.833344,517.113342,-2.95597434],"collisionType":"Visible Mesh Final","isRenderEnabled":false,"rotationMatrix":[-0.869642735,0.493682086,0,-0.493682086,-0.869642735,0,0,0,1],"shapeName":"/levels/RoadAtlanta/art/TSOs/free/WINNEBAGO3.dae"}
{"class":"TSStatic","persistentId":"f98935d5-c47a-4a04-80b6-81c0b8de24f7","__parent":"Winn","position":[490.166168,511.30368,-3.08196664],"collisionType":"Visible Mesh Final","isRenderEnabled":false,"rotationMatrix":[-0.987522542,0.157477781,0,-0.157477781,-0.987522542,0,0,0,1],"shapeName":"/levels/RoadAtlanta/art/TSOs/free/WINNEBAGO.dae"}
{"class":"TSStatic","persistentId":"85f6c59d-a322-47ef-a23e-0283a35ffe61","__parent":"Winn","position":[460.498932,546.889954,-2.38261724],"collisionType":"Visible Mesh Final","isRenderEnabled":false,"rotationMatrix":[-0.169623315,0.985478997,0.00775433332,-0.984450817,-0.16980046,0.0450041667,0.045667354,-4.10210177e-09,0.998956621],"shapeName":"/levels/RoadAtlanta/art/TSOs/free/WINNEBAGO.dae"}
{"class":"TSStatic","persistentId":"0707a4f7-2e60-4bc0-9265-2e8ef3627568","__parent":"Winn","position":[504.850342,504.682495,-3.2760551],"collisionType":"Visible Mesh Final","isRenderEnabled":false,"rotationMatrix":[-0.998798728,0.0489856377,0,-0.0489856377,-0.998798728,0,0,0,1],"shapeName":"/levels/RoadAtlanta/art/TSOs/free/WINNEBAGO2.dae"}
{"class":"TSStatic","persistentId":"f1a069cd-05fd-45a8-b76b-18347220a375","__parent":"Winn","position":[469.263977,524.652893,-2.85051799],"collisionType":"Visible Mesh Final","isRenderEnabled":false,"rotationMatrix":[-0.716787517,0.697291791,0,-0.697291791,-0.716787517,0,0,0,1],"shapeName":"/levels/RoadAtlanta/art/TSOs/free/WINNEBAGO2.dae"}
{"class":"TSStatic","persistentId":"994ba3ca-947a-4924-bb9d-930d34633023","__parent":"Winn","position":[-313.801544,107.83007,25.1535072],"collisionType":"Visible Mesh Final","isRenderEnabled":false,"shapeName":"/levels/RoadAtlanta/art/TSOs/free/WINNEBAGO.dae"}
{"class":"TSStatic","persistentId":"6e26844f-7f52-4d29-b89d-d63400835c0e","__parent":"Winn","position":[-211.758972,-151.658768,22.9519691],"collisionType":"Visible Mesh Final","isRenderEnabled":false,"rotationMatrix":[-0.351386905,0.936230242,0,-0.936230242,-0.351386905,0,0,0,1],"shapeName":"/levels/RoadAtlanta/art/TSOs/free/WINNEBAGO.dae"}
{"class":"TSStatic","persistentId":"22fec468-06ba-458c-98f8-e7fd03d8fd6c","__parent":"Winn","position":[-189.903091,-167.961182,22.2966385],"collisionType":"Visible Mesh Final","isRenderEnabled":false,"rotationMatrix":[-0.430479109,0.902600825,0,-0.902600825,-0.430479109,0,0,0,1],"shapeName":"/levels/RoadAtlanta/art/TSOs/free/WINNEBAGO2.dae"}
{"class":"TSStatic","persistentId":"985202c9-cae2-460a-a5a7-133282d15f65","__parent":"Winn","position":[-198.284058,-159.978149,22.7462349],"collisionType":"Visible Mesh Final","isRenderEnabled":false,"rotationMatrix":[-0.73938024,0.673288226,0,-0.673288226,-0.73938024,0,0,0,1],"shapeName":"/levels/RoadAtlanta/art/TSOs/free/WINNEBAGO3.dae"}
{"class":"TSStatic","persistentId":"f1d2f156-e323-4b57-ac0e-cc782302fcff","__parent":"Winn","position":[-198.706345,-591.434631,13.4104242],"collisionType":"Visible Mesh Final","isRenderEnabled":false,"rotationMatrix":[1,0,0,0,0.997975826,0.0635948405,0,-0.0635948405,0.997975826],"shapeName":"/levels/RoadAtlanta/art/TSOs/free/WINNEBAGO.dae"}
{"class":"TSStatic","persistentId":"a3b1c2e2-bfd5-41c5-b47b-b29993ff79e2","__parent":"Winn","position":[-197.417404,-577.286865,14.485178],"collisionType":"Visible Mesh Final","isRenderEnabled":false,"rotationMatrix":[1,0,0,0,0.996392369,0.0848652348,0,-0.0848652348,0.996392369],"shapeName":"/levels/RoadAtlanta/art/TSOs/free/WINNEBAGO2.dae"}
{"class":"TSStatic","persistentId":"08794c7e-08e4-4489-8f62-8d301465ea68","__parent":"Winn","position":[185.000809,481.70813,9.93408871],"collisionType":"Visible Mesh Final","isRenderEnabled":false,"rotationMatrix":[0.94431901,-0.329030573,0,0.329030573,0.94431901,0,0,0,1],"shapeName":"/levels/RoadAtlanta/art/TSOs/free/WINNEBAGO2.dae"}
{"class":"TSStatic","persistentId":"304e93bc-560e-46a2-941e-e975f44b1d98","__parent":"Winn","position":[172.466995,493.67099,10.3799458],"collisionType":"Visible Mesh Final","isRenderEnabled":false,"rotationMatrix":[0.889994562,-0.455971807,0,0.455971807,0.889994562,0,0,0,1],"shapeName":"/levels/RoadAtlanta/art/TSOs/free/WINNEBAGO.dae"}
{"class":"TSStatic","persistentId":"4d959084-4b8f-4117-acac-ef369eab1eea","__parent":"Winn","position":[207.858719,466.051331,9.22516537],"collisionType":"Visible Mesh Final","isRenderEnabled":false,"rotationMatrix":[0.862900257,-0.505374551,0,0.505374551,0.862900257,0,0,0,1],"shapeName":"/levels/RoadAtlanta/art/TSOs/free/WINNEBAGO2.dae"}
{"class":"TSStatic","persistentId":"f3a34f7f-03e4-4add-a610-7ce943d33895","__parent":"Winn","position":[144.849304,505.810516,11.7518415],"collisionType":"Visible Mesh Final","isRenderEnabled":false,"rotationMatrix":[0.992423713,0,-0.122862265,0,1,0,0.122862265,0,0.992423713],"shapeName":"/levels/RoadAtlanta/art/TSOs/free/WINNEBAGO.dae"}
{"class":"TSStatic","persistentId":"e90052ee-f8e5-40f4-aef1-493e2c4781e6","__parent":"Winn","position":[360.332214,219.927811,13.5108099],"collisionType":"Visible Mesh Final","isRenderEnabled":false,"shapeName":"/levels/RoadAtlanta/art/TSOs/free/WINNEBAGO2.dae"}
{"class":"TSStatic","persistentId":"977a30da-db51-44d4-ab43-1e5439646805","__parent":"Winn","position":[329.596069,187.191177,16.9149857],"collisionType":"Visible Mesh Final","isRenderEnabled":false,"rotationMatrix":[-0.564270973,-0.825588644,0,0.825588644,-0.564270973,0,0,0,1],"shapeName":"/levels/RoadAtlanta/art/TSOs/free/WINNEBAGO2.dae"}
{"class":"TSStatic","persistentId":"47dd445a-3ad2-49de-b541-1750b7a44aca","__parent":"Winn","position":[287.597595,160.832977,17.0964222],"collisionType":"Visible Mesh Final","isRenderEnabled":false,"rotationMatrix":[-0.585397184,-0.810468078,-0.0213018879,0.808073461,-0.581134319,-0.0964340419,0.0657774061,-0.0736655146,0.995110989],"shapeName":"/levels/RoadAtlanta/art/TSOs/free/WINNEBAGO3.dae"}
{"class":"TSStatic","persistentId":"12fa325e-8595-4956-a460-0e7eb5b067f9","__parent":"Winn","position":[270.155792,119.640396,13.8001318],"collisionType":"Visible Mesh Final","isRenderEnabled":false,"rotationMatrix":[-0.871228755,-0.489560485,-0.03594549,0.490878254,-0.868889809,-0.063797377,2.56106025e-09,-0.0732269734,0.997315288],"shapeName":"/levels/RoadAtlanta/art/TSOs/free/WINNEBAGO3.dae"}
{"class":"TSStatic","persistentId":"762c5278-0292-4af5-81ec-320b8e8c5f68","__parent":"Winn","position":[340.936829,192.906006,16.4791203],"collisionType":"Visible Mesh Final","isRenderEnabled":false,"rotationMatrix":[-0.641846895,-0.76683408,-0.000804211944,0.766706467,-0.641758204,0.0175932851,-0.0140072573,0.0106755607,0.999845266],"shapeName":"/levels/RoadAtlanta/art/TSOs/free/WINNEBAGO3.dae"}
{"class":"TSStatic","persistentId":"d797b6d5-a767-4f5a-9955-b02a5638b1db","__parent":"Winn","position":[176.014618,12.6157799,5.4639349],"collisionType":"Visible Mesh Final","isRenderEnabled":false,"rotationMatrix":[-0.220311016,-0.975430489,0,0.975430489,-0.220311016,0,0,0,1],"shapeName":"/levels/RoadAtlanta/art/TSOs/free/WINNEBAGO2.dae"}
{"class":"TSStatic","persistentId":"bd19ff70-3bbe-490f-838d-a69c25b857b0","__parent":"Winn","position":[223.536514,78.1645508,8.88483334],"collisionType":"Visible Mesh Final","isRenderEnabled":false,"shapeName":"/levels/RoadAtlanta/art/TSOs/free/WINNEBAGO2.dae"}
{"class":"TSStatic","persistentId":"51a13873-6d41-4bc2-88c8-1e346d4ffd27","__parent":"Winn","position":[171.733475,2.29829597,5.47368956],"collisionType":"Visible Mesh Final","isRenderEnabled":false,"rotationMatrix":[-0.473594815,-0.880742908,0.000608183327,0.880743027,-0.473594636,0.000327033486,0,0.000690534245,0.999999762],"shapeName":"/levels/RoadAtlanta/art/TSOs/free/WINNEBAGO3.dae"}
{"class":"TSStatic","persistentId":"1ff801ab-b21f-4d86-b1d1-e8a439fd8a79","__parent":"Winn","position":[258.685486,113.673256,13.4170122],"collisionType":"Visible Mesh Final","isRenderEnabled":false,"rotationMatrix":[-0.931552827,-0.362666994,-0.0261327699,0.363607317,-0.929144025,-0.0669514313,-2.14103171e-08,-0.0718708634,0.997413933],"shapeName":"/levels/RoadAtlanta/art/TSOs/free/WINNEBAGO.dae"}
{"class":"TSStatic","persistentId":"981f8ad6-ac29-44b3-9ba4-c25efaeab74e","__parent":"Winn","position":[281.360352,150.86348,16.6108837],"collisionType":"Visible Mesh Final","isRenderEnabled":false,"rotationMatrix":[-0.563390315,-0.82618922,-0.000710294582,0.822885692,-0.561060548,-0.0898255035,0.0738143921,-0.0511913449,0.995957255],"shapeName":"/levels/RoadAtlanta/art/TSOs/free/WINNEBAGO2.dae"}
