{"class":"TSStatic","persistentId":"8562a488-6920-4e87-ae5d-7399467f4658","__parent":"Cones_orng","position":[431.603638,499.269226,-4.99291992],"isRenderEnabled":false,"rotationMatrix":[-0.533419728,-0.845850825,0,0.845850825,-0.533419728,0,0,0,1],"shapeName":"/levels/RoadAtlanta/art/TSOs/free/Cone.DAE"}
{"class":"TSStatic","persistentId":"52fe2836-482c-41e3-8ec6-e5963f00ad9b","__parent":"Cones_orng","position":[442.620972,490.824951,-5.19317627],"isRenderEnabled":false,"rotationMatrix":[0.838950455,0.544207931,0,-0.544207931,0.838950455,0,0,0,1],"shapeName":"/levels/RoadAtlanta/art/TSOs/free/Cone.DAE"}
{"class":"TSStatic","persistentId":"f1b0762a-ffc2-471b-9494-3a1ed201236b","__parent":"Cones_orng","position":[418.062073,509.480896,-4.70758057],"cone_01a_d":"cone_01a_d_mat","isRenderEnabled":false,"rotationMatrix":[0.919348359,-0.39344424,0,0.39344424,0.919348359,0,0,0,1],"shapeName":"/levels/RoadAtlanta/art/TSOs/free/Cone.DAE"}
{"class":"TSStatic","persistentId":"d307c898-1e13-4be9-85c6-e3feb5d8222c","__parent":"Cones_orng","position":[420.631348,507.459961,-4.81207275],"isRenderEnabled":false,"rotationMatrix":[0.564198971,-0.825639248,0,0.825639248,0.564198971,0,0,0,1],"shapeName":"/levels/RoadAtlanta/art/TSOs/free/Cone.DAE"}
{"class":"TSStatic","persistentId":"752bcb6d-47b1-4fdb-9024-80b37f2890b8","__parent":"Cones_orng","position":[428.108093,501.957916,-4.9296875],"isRenderEnabled":false,"rotationMatrix":[0.585572898,0.810619712,0,-0.810619712,0.585572898,0,0,0,1],"shapeName":"/levels/RoadAtlanta/art/TSOs/free/Cone.DAE"}
{"class":"TSStatic","persistentId":"ffb4edf1-6e11-4aa1-92bc-6e994388ad72","__parent":"Cones_orng","position":[424.027588,504.917389,-4.86444092],"isRenderEnabled":false,"rotationMatrix":[0.927176654,-0.374624193,0,0.374624193,0.927176654,0,0,0,1],"shapeName":"/levels/RoadAtlanta/art/TSOs/free/Cone.DAE"}
{"class":"TSStatic","persistentId":"f0feedcc-4358-4bdb-9d22-0aa851b43b01","__parent":"Cones_orng","position":[435.509552,496.327637,-5.05834961],"isRenderEnabled":false,"rotationMatrix":[0.376069576,0.926591575,0,-0.926591575,0.376069576,0,0,0,1],"shapeName":"/levels/RoadAtlanta/art/TSOs/free/Cone.DAE"}
{"class":"TSStatic","persistentId":"25012514-14fd-4c80-9e5c-6a4c67a266d5","__parent":"Cones_orng","position":[496.930969,330.158966,-5.1971159],"cone_01a_d":"cone_01a_d_mat","isRenderEnabled":false,"rotationMatrix":[0.918460429,-0.395339668,-0.0117413551,0.393064052,0.915667653,-0.0839837641,0.0439532623,0.0725206137,0.996397972],"shapeName":"/levels/RoadAtlanta/art/TSOs/free/Cone.DAE"}
{"class":"TSStatic","persistentId":"016482d1-0d07-4198-9e4c-639d9b520481","__parent":"Cones_orng","position":[495.820618,327.069946,-4.89004803],"cone_01a_d":"cone_01a_d_mat","isRenderEnabled":false,"rotationMatrix":[0.918460429,-0.395339668,-0.0117413551,0.393064052,0.915667653,-0.0839837641,0.0439532623,0.0725206137,0.996397972],"shapeName":"/levels/RoadAtlanta/art/TSOs/free/Cone.DAE"}
{"class":"TSStatic","persistentId":"e544fb62-68af-4ad7-b8cc-31fed9ee62eb","__parent":"Cones_orng","position":[494.707031,323.951691,-4.56955242],"cone_01a_d":"cone_01a_d_mat","isRenderEnabled":false,"rotationMatrix":[0.918460429,-0.395339668,-0.0117413551,0.393064052,0.915667653,-0.0839837641,0.0439532623,0.0725206137,0.996397972],"shapeName":"/levels/RoadAtlanta/art/TSOs/free/Cone.DAE"}
{"class":"TSStatic","persistentId":"c245fc04-c7ff-46fb-8b00-f37bf83b1b42","__parent":"Cones_orng","position":[493.430389,320.29068,-4.18960857],"cone_01a_d":"cone_01a_d_mat","isRenderEnabled":false,"rotationMatrix":[0.918460429,-0.395339668,-0.0117413551,0.393064052,0.915667653,-0.0839837641,0.0439532623,0.0725206137,0.996397972],"shapeName":"/levels/RoadAtlanta/art/TSOs/free/Cone.DAE"}
{"class":"TSStatic","persistentId":"7686f4f5-7ff4-46e8-a92b-3b693cfb1864","__parent":"Cones_orng","position":[-55.6558037,678.121521,11.117857],"cone_01a_d":"cone_01a_d_mat","isRenderEnabled":false,"rotationMatrix":[0.910161853,-0.396089673,-0.121321067,0.375870526,0.912737668,-0.160096824,0.174147055,0.100112997,0.979617298],"shapeName":"/levels/RoadAtlanta/art/TSOs/free/Cone.DAE"}
{"class":"TSStatic","persistentId":"26f3b6fd-494e-4b1c-b34e-fdbfbe109936","__parent":"Cones_orng","position":[-59.3092537,677.00177,11.7287579],"cone_01a_d":"cone_01a_d_mat","isRenderEnabled":false,"rotationMatrix":[0.910161853,-0.396089673,-0.121321067,0.375870526,0.912737668,-0.160096824,0.174147055,0.100112997,0.979617298],"shapeName":"/levels/RoadAtlanta/art/TSOs/free/Cone.DAE"}
{"class":"TSStatic","persistentId":"9de5dcd6-e7da-42f3-b6c7-d6e11271b258","__parent":"Cones_orng","position":[-63.1571693,675.672852,12.402647],"cone_01a_d":"cone_01a_d_mat","isRenderEnabled":false,"rotationMatrix":[0.910161853,-0.396089673,-0.121321067,0.375870526,0.912737668,-0.160096824,0.174147055,0.100112997,0.979617298],"shapeName":"/levels/RoadAtlanta/art/TSOs/free/Cone.DAE"}
{"class":"TSStatic","persistentId":"26ec2ea0-b8e4-43b7-94b0-b317cd1652c7","__parent":"Cones_orng","position":[-67.0365067,674.510803,13.0823345],"cone_01a_d":"cone_01a_d_mat","isRenderEnabled":false,"rotationMatrix":[0.910161853,-0.396089673,-0.121321067,0.375870526,0.912737668,-0.160096824,0.174147055,0.100112997,0.979617298],"shapeName":"/levels/RoadAtlanta/art/TSOs/free/Cone.DAE"}
{"class":"TSStatic","persistentId":"470f2e4e-af1d-4fdd-8725-49a6ce3e10a2","__parent":"Cones_orng","position":[439.056519,493.631287,-5.12261963],"isRenderEnabled":false,"rotationMatrix":[0.824377954,-0.566039145,0,0.566039145,0.824377954,0,0,0,1],"shapeName":"/levels/RoadAtlanta/art/TSOs/free/Cone.DAE"}
