{"class":"TSStatic","persistentId":"0135546c-e549-4c90-9620-2a61e7d72dca","__parent":"objets","position":[546.896973,399.902008,-380.339996],"allowPlayerStep":"1","collisionType":"Visible Mesh Final","decalType":"Visible Mesh Final","isRenderEnabled":false,"rotationMatrix":[0.851308525,0.524665415,0,-0.524665415,0.851308525,0,0,0,1],"shapeName":"/levels/atoll/art/shapes/sketchup/marchandartUntitled/marchandartUntitled.dae"}
{"class":"TSStatic","persistentId":"01b629ad-6f61-488f-bde9-962a13b74753","__parent":"objets","position":[135.352997,1230.33997,-414.355988],"allowPlayerStep":"1","collisionType":"Visible Mesh Final","decalType":"Visible Mesh Final","isRenderEnabled":false,"rotationMatrix":[0.645749092,-0.759824693,-0.0753295794,0.761409461,0.648179173,-0.0109260902,0.057128977,-0.050301142,0.997098804],"scale":[1.41539001,1.41539001,1.01999998],"shapeName":"/levels/atoll/art/shapes/sketchup/ponton2/ponton2.dae"}
{"class":"TSStatic","persistentId":"0d83ee74-c96a-4307-8234-a384ad948c9e","__parent":"objets","position":[1070.05005,-151.501999,-412.100006],"allowPlayerStep":"1","collisionType":"Visible Mesh Final","decalType":"Visible Mesh Final","isRenderEnabled":false,"rotationMatrix":[0.65865761,0.752442777,0,-0.752442777,0.65865761,0,0,0,1],"scale":[1,1,1.00100005],"shapeName":"/levels/atoll/art/shapes/sketchup/hutte13village_house/hutte13village_house.dae"}
{"class":"TSStatic","persistentId":"0e029b19-5408-442f-90cb-df65dae88103","__parent":"objets","position":[519.072998,611.924011,-287.497986],"allowPlayerStep":"1","collisionType":"Visible Mesh Final","decalType":"Visible Mesh Final","isRenderEnabled":false,"rotationMatrix":[-0.78274262,0.621294022,-0.0361685194,-0.618426204,-0.769985557,0.157072544,0.0697389841,0.145314902,0.986924529],"shapeName":"/levels/atoll/art/shapes/sketchup/Chimpanzes/Chimpanzee3.dae"}
{"class":"TSStatic","persistentId":"0f7d25d6-e1ea-48c1-9b66-8e01c34e9b8c","__parent":"objets","position":[742.018005,-54.3919983,-416.096985],"allowPlayerStep":"1","collisionType":"Visible Mesh Final","decalType":"Visible Mesh Final","isRenderEnabled":false,"rotationMatrix":[0.451936662,0.892050028,0,-0.892050028,0.451936662,0,0,0,1],"scale":[3.71877003,3.76217008,3.63013005],"shapeName":"/levels/atoll/art/shapes/sketchup/catamaran03/catamaran03.dae"}
{"class":"TSStatic","persistentId":"0fa89bbd-3baa-4c82-8f36-3d3d187cdaa8","__parent":"objets","position":[1029.18005,-76.1374969,-411.950012],"allowPlayerStep":"1","collisionType":"Visible Mesh Final","decalType":"Visible Mesh Final","isRenderEnabled":false,"scale":[1,1,1.00100005],"shapeName":"/levels/atoll/art/shapes/sketchup/wc-koliba/wc-koliba.dae"}
{"class":"TSStatic","persistentId":"1157be2d-570e-4f89-9d1e-121155d1751c","__parent":"objets","position":[648.002991,307.979004,-397.326996],"allowPlayerStep":"1","collisionType":"Visible Mesh Final","decalType":"Visible Mesh Final","isRenderEnabled":false,"rotationMatrix":[0.644829631,0.764326394,0,-0.764326394,0.644829631,0,0,0,1],"scale":[1,1,1.00100005],"shapeName":"/levels/atoll/art/shapes/sketchup/maison03Beach_Cottages_1/maison03Beach_Cottages_1.dae"}
{"class":"TSStatic","persistentId":"180f24de-8ff4-4f09-a97e-e8b55f802177","__parent":"objets","position":[531.22699,622.403992,-289.300995],"allowPlayerStep":"1","collisionType":"Visible Mesh Final","decalType":"Visible Mesh Final","isRenderEnabled":false,"rotationMatrix":[-0.137753248,-0.928360224,-0.3452124,0.985696435,-0.0943281651,-0.139659956,0.0970915407,-0.359513164,0.928075194],"shapeName":"/levels/atoll/art/shapes/sketchup/Chimpanzes/Chimpanzee4.dae"}
{"class":"TSStatic","persistentId":"1ae0d5ed-85ca-4745-830f-afc2cb600a85","__parent":"objets","position":[-287.048004,119.601997,-413.300995],"allowPlayerStep":"1","collisionType":"Visible Mesh Final","decalType":"Visible Mesh Final","isRenderEnabled":false,"rotationMatrix":[-0.676541686,-0.736404359,0,0.736404359,-0.676541686,0,0,0,1],"shapeName":"/levels/atoll/art/shapes/sketchup/batimentdelabre2/batimentdelabre2.dae"}
{"class":"TSStatic","persistentId":"20721660-d99c-4857-b17e-a78c4d969a7b","__parent":"objets","position":[643.130981,303.903015,-403.64801],"allowPlayerStep":"1","collisionType":"Visible Mesh Final","decalType":"Visible Mesh Final","isRenderEnabled":false,"rotationMatrix":[0.778068841,-0.628179014,0,0.628179014,0.778068841,0,0,0,1],"scale":[1.28706002,1.28706002,1.00100005],"shapeName":"/levels/atoll/art/shapes/sketchup/maison22Caldey-Little-Blue-Cabin/maison22Caldey-Little-Blue-Cabin.dae"}
{"class":"TSStatic","persistentId":"217eeb81-a3c3-4bea-9998-d89cf8d647a0","__parent":"objets","position":[529.539001,465.298004,-384.604004],"allowPlayerStep":"1","collisionType":"Visible Mesh Final","decalType":"Visible Mesh Final","isRenderEnabled":false,"rotationMatrix":[-0.811777949,-0.583966315,0,0.583966315,-0.811777949,0,0,0,1],"scale":[1,1,1.00100005],"shapeName":"/levels/atoll/art/shapes/sketchup/maison03Beach_Cottages_1/maison03Beach_Cottages_1.dae"}
{"class":"TSStatic","persistentId":"21e30503-0ce1-4dfd-88a0-3136d9bc665a","__parent":"objets","position":[621.091003,438.679993,-378.221008],"allowPlayerStep":"1","collisionType":"Visible Mesh Final","decalType":"Visible Mesh Final","isRenderEnabled":false,"rotationMatrix":[0.45204407,-0.891995609,0,0.891995609,0.45204407,0,0,0,1],"scale":[1.28706002,1.28706002,1.00100005],"shapeName":"/levels/atoll/art/shapes/sketchup/maison22Caldey-Little-Blue-Cabin/maison22Caldey-Little-Blue-Cabin.dae"}
{"class":"TSStatic","persistentId":"25653d07-21fa-4a6d-9fdf-b04f350fda90","__parent":"objets","position":[692.913025,430.041992,-382.36499],"allowPlayerStep":"1","collisionType":"Visible Mesh Final","decalType":"Visible Mesh Final","isRenderEnabled":false,"rotationMatrix":[-0.310776353,0.950482965,0,-0.950482965,-0.310776353,0,0,0,1],"scale":[1.39323997,1.39323997,1.53199995],"shapeName":"/levels/atoll/art/shapes/sketchup/immeuble/immeuble.dae"}
{"class":"TSStatic","persistentId":"25ac5aed-cffe-45d6-88e0-35046717fb6b","__parent":"objets","position":[372.221985,1396.47998,-413.554993],"allowPlayerStep":"1","collisionType":"Visible Mesh Final","decalType":"Visible Mesh Final","isRenderEnabled":false,"rotationMatrix":[0.925281048,-0.379282176,0,0.379282176,0.925281048,0,0,0,1],"scale":[1.26584005,1.28817999,0.800000012],"shapeName":"/levels/atoll/art/shapes/sketchup/hangarpetit/hangarpetit.dae"}
{"class":"TSStatic","persistentId":"2d9710a2-d720-4890-a15a-c817f8d4f8c5","__parent":"objets","position":[1107.31995,-84.6455002,-412.286987],"allowPlayerStep":"1","collisionType":"Visible Mesh Final","decalType":"Visible Mesh Final","isRenderEnabled":false,"rotationMatrix":[0.65865761,0.752442777,0,-0.752442777,0.65865761,0,0,0,1],"scale":[1,1,1.00100005],"shapeName":"/levels/atoll/art/shapes/sketchup/hutte13village_house/hutte13village_house.dae"}
{"class":"TSStatic","persistentId":"3036473c-e07b-4491-a1b0-69a6fdd8ad38","__parent":"objets","position":[1018.35999,-158.539001,-412.092987],"allowPlayerStep":"1","collisionType":"Visible Mesh Final","decalType":"Visible Mesh Final","isRenderEnabled":false,"rotationMatrix":[0.967615247,-0.252429783,0,0.252429783,0.967615247,0,0,0,1],"scale":[1,1,0.75],"shapeName":"/levels/atoll/art/shapes/sketchup/hutte10thatched_mud_hut/hutte10thatched_mud_hut.dae"}
{"class":"TSStatic","persistentId":"30db18ae-8926-48c5-bf13-a68757e0e57c","__parent":"objets","position":[745.367004,370.248993,-395.151001],"allowPlayerStep":"1","collisionType":"Visible Mesh Final","decalType":"Visible Mesh Final","isRenderEnabled":false,"rotationMatrix":[0.817981243,0.104041487,-0.56575799,0.574485898,-0.198254824,0.794141769,-0.0295405388,-0.97461307,-0.221939087],"scale":[9,1,2],"shapeName":"/levels/atoll/art/shapes/sketchup/panneaupub/panneaupubnodule.dae"}
{"class":"TSStatic","persistentId":"325a5422-c235-4f04-9101-14df4f550294","__parent":"objets","position":[1017.91998,-213.319,-412.100006],"allowPlayerStep":"1","collisionType":"Visible Mesh Final","decalType":"Visible Mesh Final","isRenderEnabled":false,"rotationMatrix":[0.65865761,0.752442777,0,-0.752442777,0.65865761,0,0,0,1],"scale":[1,1,1.00100005],"shapeName":"/levels/atoll/art/shapes/sketchup/hutte13village_house/hutte13village_house.dae"}
{"class":"TSStatic","persistentId":"36ddd068-8e4a-442b-a33e-20fb7a7fc21b","__parent":"objets","position":[715.124023,361.716003,-401.058014],"allowPlayerStep":"1","collisionType":"Visible Mesh Final","decalType":"Visible Mesh Final","isRenderEnabled":false,"playAmbient":false,"rotationMatrix":[0.0137352347,-0.999905705,0,0.999905705,0.0137352347,0,0,0,1],"shapeName":"/levels/atoll/art/shapes/sketchup/marchandFilipino_Stores/marchandFilipino_Stores.dae"}
{"class":"TSStatic","persistentId":"3950a571-2d8d-40d5-9c72-7bf503389f04","__parent":"objets","position":[1060.68994,-94.5578003,-412.092987],"allowPlayerStep":"1","collisionType":"Visible Mesh Final","decalType":"Visible Mesh Final","isRenderEnabled":false,"rotationMatrix":[0.907190084,0.420720994,0,-0.420720994,0.907190084,0,0,0,1],"scale":[1,1,0.75],"shapeName":"/levels/atoll/art/shapes/sketchup/hutte10thatched_mud_hut/hutte10thatched_mud_hut.dae"}
{"class":"TSStatic","persistentId":"3a5622c7-510b-4e97-87c0-05ad723ee0b7","__parent":"objets","position":[-4.75791979,-21.4608994,-413.138],"allowPlayerStep":"1","collisionType":"Visible Mesh Final","decalType":"Visible Mesh Final","isRenderEnabled":false,"rotationMatrix":[-0.521531224,0.853232265,0,-0.853232265,-0.521531224,0,0,0,1],"scale":[0.954403996,0.582780004,1.12609994],"shapeName":"/levels/atoll/art/shapes/sketchup/batimentdelabre/batimentdelabre.dae"}
{"class":"TSStatic","persistentId":"42b9aa01-a341-4f04-8168-e8dc252b975c","__parent":"objets","position":[1246.54004,118.427002,-411.519012],"allowPlayerStep":"1","collisionType":"Visible Mesh Final","decalType":"Visible Mesh Final","isRenderEnabled":false,"rotationMatrix":[-0.691057444,-0.714533687,0.10900382,0.718806028,-0.695211053,-0.000142898411,0.0758827403,0.0782538354,0.994041324],"shapeName":"/levels/atoll/art/shapes/sketchup/bouteille/bouteille_balibu.dae"}
{"class":"TSStatic","persistentId":"43b64cde-df23-489a-b608-d6dcf9292ec2","__parent":"objets","position":[620.171021,291.839996,-402.804993],"allowPlayerStep":"1","collisionType":"Visible Mesh Final","decalType":"Visible Mesh Final","isRenderEnabled":false,"rotationMatrix":[-0.854259133,0.519847512,0,-0.519847512,-0.854259133,0,0,0,1],"scale":[1.28706002,1.28706002,1.00100005],"shapeName":"/levels/atoll/art/shapes/sketchup/maison22Caldey-Little-Blue-Cabin/maison22Caldey-Little-Blue-Cabin.dae"}
{"class":"TSStatic","persistentId":"444a8876-a248-4452-be8f-7df26d1db17f","__parent":"objets","position":[634.689026,445.302002,-380.048004],"allowPlayerStep":"1","collisionType":"Visible Mesh Final","decalType":"Visible Mesh Final","isRenderEnabled":false,"rotationMatrix":[-0.54422915,0.838936627,0,-0.838936627,-0.54422915,0,0,0,1],"scale":[1,1,1.00100005],"shapeName":"/levels/atoll/art/shapes/sketchup/maison04Beach_Cottages_1/maison04Beach_Cottages_1.dae"}
{"class":"TSStatic","persistentId":"47e1dfa3-ae0d-498b-acbf-22f90cbd842b","__parent":"objets","position":[1033.32996,-76.1374969,-411.950012],"allowPlayerStep":"1","collisionType":"Visible Mesh Final","decalType":"Visible Mesh Final","isRenderEnabled":false,"scale":[1,1,1.00100005],"shapeName":"/levels/atoll/art/shapes/sketchup/wc-koliba/wc-koliba.dae"}
{"class":"TSStatic","persistentId":"48a2bb31-66d4-4320-913f-e924d879a8b1","__parent":"objets","position":[1110.45996,-127.142998,-412.035004],"allowPlayerStep":"1","collisionType":"Visible Mesh Final","decalType":"Visible Mesh Final","isRenderEnabled":false,"rotationMatrix":[-0.707514405,-0.706699073,0,0.706699073,-0.707514405,0,0,0,1],"scale":[1,1,1.00100005],"shapeName":"/levels/atoll/art/shapes/sketchup/hutte13village_house/hutte13village_house.dae"}
{"class":"TSStatic","persistentId":"4b011c2d-5466-4b3c-b96d-cb3e7769fa0e","__parent":"objets","position":[553.752014,381.135986,-383.980011],"allowPlayerStep":"1","collisionType":"Visible Mesh Final","decalType":"Visible Mesh Final","isRenderEnabled":false,"rotationMatrix":[-0.811461806,-0.584405601,0,0.584405601,-0.811461806,0,0,0,1],"scale":[1,1,1.00100005],"shapeName":"/levels/atoll/art/shapes/sketchup/centrecommercial/centrecommercial.dae"}
{"class":"TSStatic","persistentId":"4d06b557-df5b-46d6-902b-73946e4fe5bf","__parent":"objets","position":[331.279999,218.681,-410.210999],"allowPlayerStep":"1","collisionType":"Visible Mesh Final","decalType":"Visible Mesh Final","isRenderEnabled":false,"rotationMatrix":[-0.295007467,0.95549494,0,-0.95549494,-0.295007467,0,0,0,1],"shapeName":"/levels/atoll/art/shapes/sketchup/maison20Tropics_House/maison20Tropics_House.dae"}
{"class":"TSStatic","persistentId":"4eea46d5-7759-47e2-9cf0-bbf1210096a7","__parent":"objets","position":[-50.8510017,10.9087,-413.657013],"allowPlayerStep":"1","collisionType":"Visible Mesh Final","decalType":"Visible Mesh Final","isRenderEnabled":false,"rotationMatrix":[-0.865873814,-0.492109925,0.0899499357,0.489475816,-0.870533347,-0.050848797,0.103327587,-3.1478703e-07,0.994647384],"scale":[0.311576009,0.933237016,1],"shapeName":"/levels/atoll/art/shapes/race/bld_jump_01_mild_16m.dae"}
{"class":"TSStatic","persistentId":"51c71de2-49d3-4fe4-a87e-2bf53b9cfe25","__parent":"objets","position":[1074.38,-53.535099,-412.092987],"allowPlayerStep":"1","collisionType":"Visible Mesh Final","decalType":"Visible Mesh Final","isRenderEnabled":false,"rotationMatrix":[0.833810389,-0.552050948,0,0.552050948,0.833810389,0,0,0,1],"scale":[1,1,0.75],"shapeName":"/levels/atoll/art/shapes/sketchup/hutte10thatched_mud_hut/hutte10thatched_mud_hut.dae"}
{"class":"TSStatic","persistentId":"5368f64a-2589-4f32-9f50-1c99a1ed88d1","__parent":"objets","position":[1393.81995,194.123993,-412.882996],"allowPlayerStep":"1","collisionType":"Visible Mesh Final","decalType":"Visible Mesh Final","isRenderEnabled":false,"rotationMatrix":[-0.969788671,0.239197806,-0.0478973016,-0.235717669,-0.969402075,-0.0685324743,-0.0628245622,-0.0551717877,0.996498466],"scale":[0.311576009,1.20352995,0.786679029],"shapeName":"/levels/atoll/art/shapes/race/bld_jump_01_mild_16m.dae"}
{"class":"TSStatic","persistentId":"55585a2e-5644-4d39-bc7d-2b83893ee128","__parent":"objets","position":[1062.81006,-73.3149033,-412.092987],"allowPlayerStep":"1","collisionType":"Visible Mesh Final","decalType":"Visible Mesh Final","isRenderEnabled":false,"rotationMatrix":[0.748548269,0.663080275,0,-0.663080275,0.748548269,0,0,0,1],"scale":[1,1,0.75],"shapeName":"/levels/atoll/art/shapes/sketchup/hutte10thatched_mud_hut/hutte10thatched_mud_hut.dae"}
{"class":"TSStatic","persistentId":"5bd5b544-11fd-4e70-8965-a86afa619a95","__parent":"objets","position":[716.39801,683.564026,-285.704987],"allowPlayerStep":"1","collisionType":"Visible Mesh Final","decalType":"Visible Mesh Final","isRenderEnabled":false,"rotationMatrix":[0.0164098144,-0.993929803,0.108784847,0.998309314,0.0102196336,-0.0572183207,0.0557592586,0.109539874,0.992417216],"scale":[1.50913,1.66504002,1.41313004],"shapeName":"/levels/atoll/art/shapes/sketchup/yeti/yeti.dae"}
{"class":"TSStatic","persistentId":"5c422f6e-b8f4-47d9-b1ff-658d84979c84","__parent":"objets","position":[346.234985,-511.467987,-417.690002],"allowPlayerStep":"1","collisionType":"Visible Mesh Final","decalType":"Visible Mesh Final","isRenderEnabled":false,"scale":[1,1,0.928955019],"shapeName":"/levels/atoll/art/shapes/sketchup/catamaran02/catamaran02.dae"}
{"class":"TSStatic","persistentId":"5c98b3d6-6f4c-4cbf-8b48-6252cc231600","__parent":"objets","position":[1020.47998,-88.9502029,-409.894989],"allowPlayerStep":"1","collisionType":"Visible Mesh Final","decalType":"Visible Mesh Final","isRenderEnabled":false,"rotationMatrix":[-0.968578696,0,-0.248706937,0,1,0,0.248706937,0,-0.968578696],"scale":[0.0866774023,0.101699002,0.102237001],"shapeName":"/levels/atoll/art/shapes/sketchup/surfs/surfbleu.dae"}
{"class":"TSStatic","persistentId":"69f0f8d8-89bf-4c2c-beaa-03741182fdc8","__parent":"objets","position":[1173.51001,-178.858994,-411.959991],"allowPlayerStep":"1","collisionType":"Visible Mesh Final","decalType":"Visible Mesh Final","isRenderEnabled":false,"rotationMatrix":[0.741702437,0.670729041,0,-0.670729041,0.741702437,0,0,0,1],"scale":[1,1,1.00100005],"shapeName":"/levels/atoll/art/shapes/sketchup/immeuble4/immeuble4.dae"}
{"class":"TSStatic","persistentId":"6cb48237-966f-4bce-9331-05ed61b5968a","__parent":"objets","position":[1148.15002,-55.5867004,-412.088989],"allowPlayerStep":"1","collisionType":"Visible Mesh Final","decalType":"Visible Mesh Final","isRenderEnabled":false,"rotationMatrix":[-0.707514405,-0.706699073,0,0.706699073,-0.707514405,0,0,0,1],"scale":[1,1,1.00100005],"shapeName":"/levels/atoll/art/shapes/sketchup/hutte13village_house/hutte13village_house.dae"}
{"class":"TSStatic","persistentId":"6ec33631-6fc9-4484-87d8-b2ab1595f2f5","__parent":"objets","position":[166.235001,138.531998,-417.971008],"allowPlayerStep":"1","collisionType":"Visible Mesh Final","decalType":"Visible Mesh Final","isRenderEnabled":false,"scale":[1,1,1.00999999],"shapeName":"/levels/atoll/art/shapes/sketchup/catamaran02/catamaran02.dae"}
{"class":"TSStatic","persistentId":"713b97c9-748b-4af3-8309-9315b2050204","__parent":"objets","position":[1124.72998,-32.7145004,-412.154999],"allowPlayerStep":"1","collisionType":"Visible Mesh Final","decalType":"Visible Mesh Final","isRenderEnabled":false,"rotationMatrix":[-0.707514405,-0.706699073,0,0.706699073,-0.707514405,0,0,0,1],"scale":[1,1,1.00100005],"shapeName":"/levels/atoll/art/shapes/sketchup/hutte13village_house/hutte13village_house.dae"}
{"class":"TSStatic","persistentId":"72320683-0eb7-4096-be57-fcdb0b2f3ea6","__parent":"objets","position":[1137.56995,-112.311996,-412.03299],"allowPlayerStep":"1","collisionType":"Visible Mesh Final","decalType":"Visible Mesh Final","isRenderEnabled":false,"rotationMatrix":[0.65865761,0.752442777,0,-0.752442777,0.65865761,0,0,0,1],"scale":[1,1,1.00100005],"shapeName":"/levels/atoll/art/shapes/sketchup/hutte13village_house/hutte13village_house.dae"}
{"class":"TSStatic","persistentId":"728f01b1-525b-4e1a-8dd9-ea6cf68f5d78","__parent":"objets","position":[659.835999,370.462006,-402.088989],"allowPlayerStep":"1","collisionType":"Visible Mesh Final","decalType":"Visible Mesh Final","isRenderEnabled":false,"rotationMatrix":[0.101117253,-0.994874477,0,0.994874477,0.101117253,0,0,0,1],"scale":[1,1,1.00100005],"shapeName":"/levels/atoll/art/shapes/sketchup/marchandsamuel_s_florist_model_11-08/marchandsamuel_s_florist_model_11-08.dae"}
{"class":"TSStatic","persistentId":"7a8e63fc-2ceb-49bc-82c3-9f1106d557b0","__parent":"objets","position":[650.55603,349.539001,-401.987],"allowPlayerStep":"1","collisionType":"Visible Mesh Final","decalType":"Visible Mesh Final","isRenderEnabled":false,"rotationMatrix":[-0.447259545,0.894404233,0,-0.894404233,-0.447259545,0,0,0,1],"scale":[1,1,1.00100005],"shapeName":"/levels/atoll/art/shapes/sketchup/cabane01Mauna-Loa-summit-cabin/cabane01Mauna-Loa-summit-cabin.dae"}
{"class":"TSStatic","persistentId":"7f29a195-1a83-4cbf-bc0b-77e20bfe3114","__parent":"objets","position":[-65.8610001,-23.8290005,-411.873993],"allowPlayerStep":"1","collisionType":"Visible Mesh Final","decalType":"Visible Mesh Final","isRenderEnabled":false,"rotationMatrix":[-0.539813995,0.841784298,0,-0.841784298,-0.539813995,0,0,0,1],"scale":[1.44793999,1.44793999,0.995630026],"shapeName":"/levels/atoll/art/shapes/sketchup/batimentdelabre/batimentdelabre.dae"}
{"class":"TSStatic","persistentId":"7f94e0f3-f644-4210-be07-cd527ddfff9f","__parent":"objets","position":[212.802994,45.4179001,-416.091003],"allowPlayerStep":"1","collisionType":"Visible Mesh Final","decalType":"Visible Mesh Final","isRenderEnabled":false,"scale":[1,1,1.03330004],"shapeName":"/levels/atoll/art/shapes/sketchup/catamaran01/catamaran01.dae"}
{"class":"TSStatic","persistentId":"81c3503b-3359-444c-8c72-246bbb55ded3","__parent":"objets","position":[678.013,222.675995,-402.503998],"allowPlayerStep":"1","collisionType":"Visible Mesh Final","decalType":"Visible Mesh Final","isRenderEnabled":false,"rotationMatrix":[-0.867791176,0.496928781,0,-0.496928781,-0.867791176,0,0,0,1],"scale":[1,1,1.00100005],"shapeName":"/levels/atoll/art/shapes/sketchup/maison09CV_Units_139-141/maison09CV_Units_139-141.dae"}
{"class":"TSStatic","persistentId":"8450086a-b441-4497-9bda-acc61fc4af02","__parent":"objets","position":[1019.27002,-91.941597,-414.246002],"allowPlayerStep":"1","collisionType":"Visible Mesh Final","decalType":"Visible Mesh Final","isRenderEnabled":false,"rotationMatrix":[0.121737301,-0.809019446,0.575037062,0.987289429,0.158336818,0.013751477,-0.102174759,0.566053867,0.818011761],"scale":[1,0.633724988,1],"shapeName":"/levels/atoll/art/shapes/sketchup/surfs/surf3.dae"}
{"class":"TSStatic","persistentId":"84e0203d-3499-4d20-a937-74b424699c73","__parent":"objets","position":[1099.46997,-20.9610996,-412.092987],"allowPlayerStep":"1","collisionType":"Visible Mesh Final","decalType":"Visible Mesh Final","isRenderEnabled":false,"rotationMatrix":[0.146633744,0.989190817,0,-0.989190817,0.146633744,0,0,0,1],"scale":[1,1,0.75],"shapeName":"/levels/atoll/art/shapes/sketchup/hutte10thatched_mud_hut/hutte10thatched_mud_hut.dae"}
{"class":"TSStatic","persistentId":"84f8a61d-d1fc-4561-9785-bfbf10857449","__parent":"objets","position":[989.97998,-184.324997,-412.092987],"allowPlayerStep":"1","collisionType":"Visible Mesh Final","decalType":"Visible Mesh Final","isRenderEnabled":false,"rotationMatrix":[-0.254753828,-0.967005908,0,0.967005908,-0.254753828,0,0,0,1],"scale":[1,1,0.75],"shapeName":"/levels/atoll/art/shapes/sketchup/hutte10thatched_mud_hut/hutte10thatched_mud_hut.dae"}
{"class":"TSStatic","persistentId":"88a305fd-a2b7-454b-8a39-ebd1b666d9a3","__parent":"objets","position":[1034.66003,-142.660004,-412.092987],"allowPlayerStep":"1","collisionType":"Visible Mesh Final","decalType":"Visible Mesh Final","isRenderEnabled":false,"rotationMatrix":[0.967615247,-0.252429783,0,0.252429783,0.967615247,0,0,0,1],"scale":[1,1,0.75],"shapeName":"/levels/atoll/art/shapes/sketchup/hutte10thatched_mud_hut/hutte10thatched_mud_hut.dae"}
{"class":"TSStatic","persistentId":"8ab6d09a-89fc-4c90-8f39-363e5c230849","__parent":"objets","position":[1087.62,-105.280998,-412.253998],"allowPlayerStep":"1","collisionType":"Visible Mesh Final","decalType":"Visible Mesh Final","isRenderEnabled":false,"rotationMatrix":[-0.707514405,-0.706699073,0,0.706699073,-0.707514405,0,0,0,1],"scale":[1,1,1.00100005],"shapeName":"/levels/atoll/art/shapes/sketchup/hutte13village_house/hutte13village_house.dae"}
{"class":"TSStatic","persistentId":"8ec4c782-88a3-44e9-a2f3-a9c1ae743bb2","__parent":"objets","position":[-35.2305984,-59.0578003,-412.217987],"allowPlayerStep":"1","collisionType":"Visible Mesh Final","decalType":"Visible Mesh Final","isRenderEnabled":false,"rotationMatrix":[-0.998262525,-0.0589228645,0,0.0589228645,-0.998262525,0,0,0,1],"scale":[1.39566004,1.39566004,1],"shapeName":"/levels/atoll/art/shapes/sketchup/cabaneabandonneMutalau/cabaneabandonneMutalau.dae"}
{"class":"TSStatic","persistentId":"8f4164e0-1fb1-4f2c-9e91-1e104e9dd38a","__parent":"objets","position":[1035.44995,-76.1374969,-411.950012],"allowPlayerStep":"1","collisionType":"Visible Mesh Final","decalType":"Visible Mesh Final","isRenderEnabled":false,"scale":[1,1,1.00100005],"shapeName":"/levels/atoll/art/shapes/sketchup/wc-koliba/wc-koliba.dae"}
{"class":"TSStatic","persistentId":"9120f87c-5338-4f13-9db5-20fcc293873e","__parent":"objets","position":[1038.68005,-231.451996,-412.100006],"allowPlayerStep":"1","collisionType":"Visible Mesh Final","decalType":"Visible Mesh Final","isRenderEnabled":false,"rotationMatrix":[0.65865761,0.752442777,0,-0.752442777,0.65865761,0,0,0,1],"scale":[1,1,1.00100005],"shapeName":"/levels/atoll/art/shapes/sketchup/hutte13village_house/hutte13village_house.dae"}
{"class":"TSStatic","persistentId":"9135d5a4-eaa9-493f-9386-cac13192842a","__parent":"objets","position":[1048.81006,-125.480003,-412.092987],"allowPlayerStep":"1","collisionType":"Visible Mesh Final","decalType":"Visible Mesh Final","isRenderEnabled":false,"rotationMatrix":[0.996589422,0.0825195312,0,-0.0825195312,0.996589422,0,0,0,1],"scale":[1,1,0.75],"shapeName":"/levels/atoll/art/shapes/sketchup/hutte10thatched_mud_hut/hutte10thatched_mud_hut.dae"}
{"class":"TSStatic","persistentId":"94002040-4949-4150-9ef9-b9f0b3a17c3c","__parent":"objets","position":[522.671021,607.166992,-284.401001],"allowPlayerStep":"1","collisionType":"Visible Mesh Final","decalType":"Visible Mesh Final","isRenderEnabled":false,"rotationMatrix":[-0.96464026,0.259310961,-0.0471944362,-0.262140453,-0.925272226,0.274142206,0.0274203792,0.276820123,0.96053046],"shapeName":"/levels/atoll/art/shapes/sketchup/Chimpanzes/Chimpanzee3.dae"}
{"class":"TSStatic","persistentId":"9654b3f7-2b2f-4bad-9339-55cc339a2544","__parent":"objets","position":[146.339005,1239.69995,-414.335999],"allowPlayerStep":"1","collisionType":"Visible Mesh Final","decalType":"Visible Mesh Final","isRenderEnabled":false,"rotationMatrix":[0.645748317,-0.756223559,-0.10552296,0.761410117,0.648099482,0.0148900487,0.0571291745,-0.0899614692,0.994305372],"scale":[1.41539001,1.41539001,1.01999998],"shapeName":"/levels/atoll/art/shapes/sketchup/ponton2/ponton2.dae"}
{"class":"TSStatic","persistentId":"978253ba-5246-460f-8496-e8c40f462291","__parent":"objets","position":[690.291992,331.151001,-403.173004],"allowPlayerStep":"1","collisionType":"Visible Mesh Final","decalType":"Visible Mesh Final","isRenderEnabled":false,"rotationMatrix":[-0.995955348,-0.0898503587,0,0.0898503587,-0.995955348,0,0,0,1],"scale":[0.899999976,1,1.00100005],"shapeName":"/levels/atoll/art/shapes/sketchup/immeuble2/immeuble2.dae"}
{"class":"TSStatic","persistentId":"9f76f074-edf1-4145-9147-a54aa5c6773b","__parent":"objets","position":[1038.81006,-166.263,-412.100006],"allowPlayerStep":"1","collisionType":"Visible Mesh Final","decalType":"Visible Mesh Final","isRenderEnabled":false,"rotationMatrix":[-0.707514405,-0.706699073,0,0.706699073,-0.707514405,0,0,0,1],"scale":[1,1,1.00100005],"shapeName":"/levels/atoll/art/shapes/sketchup/hutte13village_house/hutte13village_house.dae"}
{"class":"TSStatic","persistentId":"a000dca0-935f-4ce9-9113-89abe253ecf1","__parent":"objets","position":[1031.22998,-76.155899,-411.950012],"allowPlayerStep":"1","collisionType":"Visible Mesh Final","decalType":"Visible Mesh Final","isRenderEnabled":false,"scale":[1,1,1.00100005],"shapeName":"/levels/atoll/art/shapes/sketchup/wc-koliba/wc-koliba.dae"}
{"class":"TSStatic","persistentId":"a2d91288-d0d6-419c-aef6-1de9a735ed23","__parent":"objets","position":[1026.60999,-76.1472015,-411.950012],"allowPlayerStep":"1","collisionType":"Visible Mesh Final","decalType":"Visible Mesh Final","isRenderEnabled":false,"scale":[1,1,1.00100005],"shapeName":"/levels/atoll/art/shapes/sketchup/wc-koliba/wc-koliba.dae"}
{"class":"TSStatic","persistentId":"a31d7deb-100c-4637-9a90-57f0919014f3","__parent":"objets","position":[514.059021,1420.46997,-414.343994],"allowPlayerStep":"1","collisionType":"Visible Mesh Final","decalType":"Visible Mesh Final","isRenderEnabled":false,"rotationMatrix":[0.997063279,0.0765820146,0,-0.0765820146,0.997063279,0,0,0,1],"scale":[1,1,1.00100005],"shapeName":"/levels/atoll/art/shapes/sketchup/hangar/hangar.dae"}
{"class":"TSStatic","persistentId":"a37dd596-6b73-43c7-a1a0-c8a9bd2df32a","__parent":"objets","position":[355.375,1395.08997,-413.553986],"allowPlayerStep":"1","collisionType":"Visible Mesh Final","decalType":"Visible Mesh Final","isRenderEnabled":false,"rotationMatrix":[0.925281048,-0.379282176,0,0.379282176,0.925281048,0,0,0,1],"scale":[1.26584005,1.28817999,0.800000012],"shapeName":"/levels/atoll/art/shapes/sketchup/hangarpetit/hangarpetit.dae"}
{"class":"TSStatic","persistentId":"a9855ec5-cb12-401e-ac6c-1a8e72748ceb","__parent":"objets","position":[632.299988,333.290985,-402.867004],"allowPlayerStep":"1","collisionType":"Visible Mesh Final","decalType":"Visible Mesh Final","isRenderEnabled":false,"rotationMatrix":[-0.755087256,-0.655624092,0,0.655624092,-0.755087256,0,0,0,1],"shapeName":"/levels/atoll/art/shapes/sketchup/ecoleLHES_P2/ecoleLHES_P2.dae"}
{"class":"TSStatic","persistentId":"abf36882-cf15-4ce9-806f-9ff1d721b361","__parent":"objets","position":[1053.02002,-89.2847977,-412.203003],"allowPlayerStep":"1","collisionType":"Visible Mesh Final","decalType":"Visible Mesh Final","isRenderEnabled":false,"rotationMatrix":[0.821894348,-0.569639981,0,0.569639981,0.821894348,0,0,0,1],"scale":[1.5,1.5,1.10000002],"shapeName":"/levels/atoll/art/shapes/sketchup/hutte12Tropical_Thunder/hutte12Tropical_Thunder.dae"}
{"class":"TSStatic","persistentId":"ac85b357-b944-4e3a-b5bb-2b85e18c6a5a","__parent":"objets","position":[-71.5960007,15.2234001,-411.957001],"allowPlayerStep":"1","collisionType":"Visible Mesh Final","decalType":"Visible Mesh Final","isRenderEnabled":false,"rotationMatrix":[0.976375163,0.216082141,0,-0.216082141,0.976375163,0,0,0,1],"scale":[1.44793999,1.44793999,1.01741004],"shapeName":"/levels/atoll/art/shapes/sketchup/batimentdelabre/batimentdelabre.dae"}
{"class":"TSStatic","persistentId":"aec9f23f-94c6-4497-87fe-6202a733b194","__parent":"objets","position":[1018.56,-86.8350983,-409.492004],"allowPlayerStep":"1","collisionType":"Visible Mesh Final","decalType":"Visible Mesh Final","isRenderEnabled":false,"rotationMatrix":[0.79338026,-0.608726442,-2.98023224e-08,0.130189255,0.16968143,-0.976861835,0.594641566,0.775022864,0.213871539],"scale":[1,0.633724988,1],"shapeName":"/levels/atoll/art/shapes/sketchup/surfs/surf3.dae"}
{"class":"TSStatic","persistentId":"b384dc2a-db04-4cf7-8585-40e1302492c7","__parent":"objets","position":[675.275024,284.990997,-414.270996],"allowPlayerStep":"1","collisionType":"Visible Mesh Final","decalType":"Visible Mesh Final","isRenderEnabled":false,"rotationMatrix":[-0.673051357,0.739595771,0,-0.739595771,-0.673051357,0,0,0,1],"scale":[1,1,0.998000026],"shapeName":"/levels/atoll/art/shapes/sketchup/hutte11tikihut/hutte11tikihut.dae"}
{"class":"TSStatic","persistentId":"b41aef59-e4c0-4e61-bfab-51d3e274e65d","__parent":"objets","position":[609.247986,262.050995,-397.644989],"allowPlayerStep":"1","collisionType":"Visible Mesh Final","decalType":"Visible Mesh Final","isRenderEnabled":false,"rotationMatrix":[0.654273629,0.756257892,0,-0.756257892,0.654273629,0,0,0,1],"scale":[1,1,1.00100005],"shapeName":"/levels/atoll/art/shapes/sketchup/maison05Beach_Cottages_1/maison05Beach_Cottages_1.dae"}
{"class":"TSStatic","persistentId":"b4ea4ae2-eabe-4604-abd3-a7ec6a6a2623","__parent":"objets","position":[113.102997,1211.35999,-414.431],"allowPlayerStep":"1","collisionType":"Visible Mesh Final","decalType":"Visible Mesh Final","isRenderEnabled":false,"rotationMatrix":[0.648889065,-0.760879934,-0.00217005378,0.760877788,0.648892522,-0.00186919654,0.00283036567,-0.000438244373,0.999995887],"scale":[1.41539001,1.41539001,1.01999998],"shapeName":"/levels/atoll/art/shapes/sketchup/ponton2/ponton2.dae"}
{"class":"TSStatic","persistentId":"b52119d7-c3c1-4cb3-94de-5544351f5014","__parent":"objets","position":[380.799988,1397.37,-413.575012],"allowPlayerStep":"1","collisionType":"Visible Mesh Final","decalType":"Visible Mesh Final","isRenderEnabled":false,"rotationMatrix":[0.925281048,-0.379282176,0,0.379282176,0.925281048,0,0,0,1],"scale":[1.26584005,1.28817999,0.800000012],"shapeName":"/levels/atoll/art/shapes/sketchup/hangarpetit/hangarpetit.dae"}
{"class":"TSStatic","persistentId":"b5f053ef-3466-49b3-bfc0-26f4779b6e0f","__parent":"objets","position":[427.574005,1378.71997,-414.300995],"allowPlayerStep":"1","collisionType":"Visible Mesh Final","decalType":"Visible Mesh Final","isRenderEnabled":false,"rotationMatrix":[0.996076584,0.0884952098,0,-0.0884952098,0.996076584,0,0,0,1],"scale":[1,1,1.00100005],"shapeName":"/levels/atoll/art/shapes/sketchup/tourdecontrole/tourdecontrole.dae"}
{"class":"TSStatic","persistentId":"b7357550-9122-4791-9506-cf2a104312f6","__parent":"objets","position":[363.848999,1395.71997,-413.562988],"allowPlayerStep":"1","collisionType":"Visible Mesh Final","decalType":"Visible Mesh Final","isRenderEnabled":false,"rotationMatrix":[0.925281048,-0.379282176,0,0.379282176,0.925281048,0,0,0,1],"scale":[1.26584005,1.28817999,0.800000012],"shapeName":"/levels/atoll/art/shapes/sketchup/hangarpetit/hangarpetit.dae"}
{"class":"TSStatic","persistentId":"bf8befac-8660-4359-af24-3bc57d1c6746","__parent":"objets","position":[649.033997,425.449005,-383.901001],"allowPlayerStep":"1","collisionType":"Visible Mesh Final","decalType":"Visible Mesh Final","isRenderEnabled":false,"rotationMatrix":[-0.494898081,0.868951023,0,-0.868951023,-0.494898081,0,0,0,1],"scale":[1.39323997,1.39323997,1.53400004],"shapeName":"/levels/atoll/art/shapes/sketchup/immeuble/immeuble.dae"}
{"class":"TSStatic","persistentId":"c8148ec4-7d22-41f7-ac5c-1817891c1597","__parent":"objets","position":[1058.10999,-184.619003,-412.100006],"allowPlayerStep":"1","collisionType":"Visible Mesh Final","decalType":"Visible Mesh Final","isRenderEnabled":false,"rotationMatrix":[-0.707514405,-0.706699073,0,0.706699073,-0.707514405,0,0,0,1],"scale":[1,1,1.00100005],"shapeName":"/levels/atoll/art/shapes/sketchup/hutte13village_house/hutte13village_house.dae"}
{"class":"TSStatic","persistentId":"cb81329a-e151-45c6-9ddf-33341345094a","__parent":"objets","position":[632.796997,330.61499,-402.562012],"allowPlayerStep":"1","collisionType":"Visible Mesh Final","decalType":"Visible Mesh Final","isRenderEnabled":false,"rotationMatrix":[0.63004154,0.776561439,0,-0.776561439,0.63004154,0,0,0,1],"scale":[1,1,1.00100005],"shapeName":"/levels/atoll/art/shapes/sketchup/bankohawaii/bankohawaii.dae"}
{"class":"TSStatic","persistentId":"cc34b95f-fa53-414f-b42e-0670625d04fa","__parent":"objets","position":[665.330994,356.656006,-401.872986],"allowPlayerStep":"1","collisionType":"Visible Mesh Final","decalType":"Visible Mesh Final","isRenderEnabled":false,"rotationMatrix":[0.280872285,-0.959745109,0,0.959745109,0.280872285,0,0,0,1],"shapeName":"/levels/atoll/art/shapes/sketchup/marchandartUntitled/marchandartUntitled.dae"}
{"class":"TSStatic","persistentId":"cdc5363b-3d28-4e90-9749-32f48d7442f4","__parent":"objets","position":[654.736023,371.778992,-398.109009],"allowPlayerStep":"1","collisionType":"Visible Mesh Final","decalType":"Visible Mesh Final","isRenderEnabled":false,"rotationMatrix":[-0.54422915,0.838936627,0,-0.838936627,-0.54422915,0,0,0,1],"scale":[1,1,1.00100005],"shapeName":"/levels/atoll/art/shapes/sketchup/maison04Beach_Cottages_1/maison04Beach_Cottages_1.dae"}
{"class":"TSStatic","persistentId":"d2d02009-e4d6-4bec-8310-f9fb02f9769c","__parent":"objets","position":[-307.196991,1165.42004,-415.993988],"allowPlayerStep":"1","collisionType":"Visible Mesh Final","decalType":"Visible Mesh Final","isRenderEnabled":false,"scale":[1,1,1.01082003],"shapeName":"/levels/atoll/art/shapes/sketchup/catamaran01/catamaran01.dae"}
{"class":"TSStatic","persistentId":"d918f5b0-0da6-45b6-924b-8b43e8728c73","__parent":"objets","position":[665.036011,357.365997,-401.881012],"allowPlayerStep":"1","collisionType":"Visible Mesh Final","decalType":"Visible Mesh Final","isRenderEnabled":false,"rotationMatrix":[0.95984906,0.280516922,0,-0.280516922,0.95984906,0,0,0,1],"shapeName":"/levels/atoll/art/shapes/sketchup/marchandartUntitled/marchandartUntitled.dae"}
{"class":"TSStatic","persistentId":"ddc522e9-2890-4621-bace-bfccd3f68852","__parent":"objets","position":[1246.56995,117.208,-412.257996],"allowPlayerStep":"1","collisionType":"Visible Mesh Final","decalType":"Visible Mesh Final","isRenderEnabled":false,"rotationMatrix":[0.247678339,-0.968650341,0.019287603,0.9680444,0.246617496,-0.0454953462,0.0393124223,0.0299394671,0.998778343],"scale":[1.39566004,1.39566004,1],"shapeName":"/levels/atoll/art/shapes/sketchup/cabaneabandonneMutalau/cabaneabandonneMutalau.dae"}
{"class":"TSStatic","persistentId":"de91131e-8374-4957-a052-4689128b9a5b","__parent":"objets","position":[-25.5828991,-73.9085999,-412.217987],"allowPlayerStep":"1","collisionType":"Visible Mesh Final","decalType":"Visible Mesh Final","isRenderEnabled":false,"rotationMatrix":[-0.998607397,-0.0527543686,0,0.0527543686,-0.998607397,0,0,0,1],"scale":[1.39566004,1.39566004,1],"shapeName":"/levels/atoll/art/shapes/sketchup/cabaneabandonneMutalau/cabaneabandonneMutalau.dae"}
{"class":"TSStatic","persistentId":"decb389f-4e11-4f90-b7ef-3cedb70642df","__parent":"objets","position":[720.228027,684.481995,-285.658997],"allowPlayerStep":"1","collisionType":"Visible Mesh Final","decalType":"Visible Mesh Final","isRenderEnabled":false,"rotationMatrix":[0.313110709,-0.944299936,0.101288721,0.935144186,0.325159311,0.140629888,-0.165731773,0.0506868288,0.984867394],"scale":[3.28553009,1,3.28553009],"shapeName":"/levels/atoll/art/shapes/sketchup/yeti/pancarteyeti.dae"}
{"class":"TSStatic","persistentId":"e04730f2-f748-4086-9d6e-4d893c05f8c8","__parent":"objets","position":[1091.29004,-171.061005,-412.100006],"allowPlayerStep":"1","collisionType":"Visible Mesh Final","decalType":"Visible Mesh Final","isRenderEnabled":false,"rotationMatrix":[0.65865761,0.752442777,0,-0.752442777,0.65865761,0,0,0,1],"scale":[1,1,1.00100005],"shapeName":"/levels/atoll/art/shapes/sketchup/hutte13village_house/hutte13village_house.dae"}
{"class":"TSStatic","persistentId":"e0d78075-b79a-41e7-bf26-3d8e5aeb2852","__parent":"objets","position":[527.630981,610.177979,-289.76001],"allowPlayerStep":"1","collisionType":"Visible Mesh Final","decalType":"Visible Mesh Final","isRenderEnabled":false,"rotationMatrix":[-0.958604455,-0.0718106255,-0.275537074,0.040330857,-0.992162704,0.118265316,-0.281870306,0.102257013,0.953987777],"shapeName":"/levels/atoll/art/shapes/sketchup/Chimpanzes/Chimpanzee4.dae"}
{"class":"TSStatic","persistentId":"e0e3754a-f813-44ff-b01b-8b42206da542","__parent":"objets","position":[157.535004,1249.15002,-414.777008],"allowPlayerStep":"1","collisionType":"Visible Mesh Final","decalType":"Visible Mesh Final","isRenderEnabled":false,"rotationMatrix":[0.644902468,-0.76007241,-0.0799425244,0.759881675,0.648872972,-0.0392890833,0.0817350894,-0.0354092382,0.996024907],"scale":[1.41539001,1.41539001,1.01999998],"shapeName":"/levels/atoll/art/shapes/sketchup/ponton2/ponton2.dae"}
{"class":"TSStatic","persistentId":"e5795d39-39cc-456d-ab3f-01d8abae4108","__parent":"objets","position":[-1.29957998,-15.4042997,-416.031006],"allowPlayerStep":"1","collisionType":"Visible Mesh Final","decalType":"Visible Mesh Final","isRenderEnabled":false,"rotationMatrix":[0.533121228,-0.846038878,0,0.846038878,0.533121228,0,0,0,1],"scale":[0.954403996,0.734358013,1.12609994],"shapeName":"/levels/atoll/art/shapes/sketchup/batimentdelabre/batimentdelabre.dae"}
{"class":"TSStatic","persistentId":"e58dbdc0-ee3c-4713-9b8f-1d9a1282b430","__parent":"objets","position":[529.97699,625.598022,-286.309998],"allowPlayerStep":"1","collisionType":"Visible Mesh Final","decalType":"Visible Mesh Final","isRenderEnabled":false,"rotationMatrix":[0.150776803,-0.988338768,0.0212834328,0.97863692,0.152271569,0.138142169,-0.139772117,1.11758709e-07,0.990183711],"shapeName":"/levels/atoll/art/shapes/sketchup/Chimpanzes/Chimpanzee3.dae"}
{"class":"TSStatic","persistentId":"e74c3623-5602-4507-97de-b91849fab7e1","__parent":"objets","position":[609.848999,397.933014,-380.018005],"allowPlayerStep":"1","collisionType":"Visible Mesh Final","decalType":"Visible Mesh Final","isRenderEnabled":false,"rotationMatrix":[0.829524934,0.558469653,0,-0.558469653,0.829524934,0,0,0,1],"scale":[1,1,1.00100005],"shapeName":"/levels/atoll/art/shapes/sketchup/maison04Beach_Cottages_1/maison04Beach_Cottages_1.dae"}
