{"class":"SpotLight","persistentId":"549f6f0a-6c4b-4009-b3eb-19b5eeeb9e17","__parent":"DynamicLights","position":[417.59317,605.84198,13.370616],"color":[0.886274993,0.776471019,0.592157006,0.00800000038],"flareScale":5,"flareType":"vehicleHeadLightFlare","innerAngle":30,"isEnabled":false,"outerAngle":180,"range":0.0500000007,"rotationMatrix":[-0.887774944,-0.460277677,-3.54301519e-05,0.43230325,-0.833792031,-0.343372673,0.158017248,-0.304852992,0.939199269],"shadowDarkenColor":[0,0,0,0]}
{"class":"TSStatic","persistentId":"72b86a78-08af-4bba-be20-0cf11ce7ae2a","__parent":"DynamicLights","position":[353.991882,654.279907,4.09896994],"isRenderEnabled":false,"rotationMatrix":[-0.242835104,-0.970067561,-9.38768854e-11,0.970067322,-0.242835045,-0.000690530462,0.000669861212,-0.000167685124,0.999999762],"shapeName":"/levels/RoadAtlanta/art/TSOs/free/streetlight.DAE"}
{"class":"SpotLight","persistentId":"e73bf428-8e86-4d76-8694-43ed5b28965b","__parent":"DynamicLights","position":[354.925354,653.341797,16.1601677],"color":[0.886274993,0.776471019,0.592157006,0.00800000038],"flareScale":5,"flareType":"vehicleHeadLightFlare","innerAngle":30,"isEnabled":false,"outerAngle":180,"range":0.0500000007,"rotationMatrix":[-0.887774944,-0.460277677,-3.54301519e-05,0.43230325,-0.833792031,-0.343372673,0.158017248,-0.304852992,0.939199269],"shadowDarkenColor":[0,0,0,0]}
{"class":"TSStatic","persistentId":"835ee3b3-b34d-4e62-a80b-e527f29d5135","__parent":"DynamicLights","position":[297.469208,694.821655,5.95517111],"isRenderEnabled":false,"rotationMatrix":[-0.242835104,-0.970067561,-9.38768854e-11,0.970067322,-0.242835045,-0.000690530462,0.000669861212,-0.000167685124,0.999999762],"shapeName":"/levels/RoadAtlanta/art/TSOs/free/streetlight.DAE"}
{"class":"SpotLight","persistentId":"98cf44b6-d938-4c39-bcff-2edb25042d26","__parent":"DynamicLights","position":[298.40271,693.883545,18.016367],"color":[0.886274993,0.776471019,0.592157006,0.00800000038],"flareScale":5,"flareType":"vehicleHeadLightFlare","innerAngle":30,"isEnabled":false,"outerAngle":180,"range":0.0500000007,"rotationMatrix":[-0.887774944,-0.460277677,-3.54301519e-05,0.43230325,-0.833792031,-0.343372673,0.158017248,-0.304852992,0.939199269],"shadowDarkenColor":[0,0,0,0]}
{"class":"TSStatic","persistentId":"c1cea2eb-ef48-4e9b-87f8-bba91e1e126c","__parent":"DynamicLights","position":[256.2883,708.424866,5.90847921],"isRenderEnabled":false,"rotationMatrix":[-0.242835104,-0.970067561,-9.38768854e-11,0.970067322,-0.242835045,-0.000690530462,0.000669861212,-0.000167685124,0.999999762],"shapeName":"/levels/RoadAtlanta/art/TSOs/free/streetlight.DAE"}
{"class":"SpotLight","persistentId":"5865e659-c837-4c1d-98d3-962063442be8","__parent":"DynamicLights","position":[257.221802,707.486755,17.969677],"color":[0.886274993,0.776471019,0.592157006,0.00800000038],"flareScale":5,"flareType":"vehicleHeadLightFlare","innerAngle":30,"isEnabled":false,"outerAngle":180,"range":0.0500000007,"rotationMatrix":[-0.887774944,-0.460277677,-3.54301519e-05,0.43230325,-0.833792031,-0.343372673,0.158017248,-0.304852992,0.939199269],"shadowDarkenColor":[0,0,0,0]}
{"class":"TSStatic","persistentId":"687047fb-d229-4f49-b2ae-9c2c50b39dcb","__parent":"DynamicLights","position":[317.99884,332.089172,16.6179523],"isRenderEnabled":false,"rotationMatrix":[0.726596177,0.687064767,-2.80124257e-10,-0.687064588,0.726595998,-0.000690531568,-0.00047443973,0.000501737813,0.999999762],"shapeName":"/levels/RoadAtlanta/art/TSOs/free/streetlight.DAE"}
{"class":"SpotLight","persistentId":"c74af292-cc33-49aa-85bb-65c68756b18f","__parent":"DynamicLights","position":[317.716553,333.382324,28.6791515],"color":[0.886274993,0.776471019,0.592157006,0.00800000038],"flareScale":5,"flareType":"vehicleHeadLightFlare","innerAngle":30,"isEnabled":false,"outerAngle":180,"range":0.0500000007,"rotationMatrix":[0.995974362,-0.0896389261,-3.566546e-05,0.0841766298,0.935419559,-0.343372524,0.0308129005,0.341987163,0.939199269],"shadowDarkenColor":[0,0,0,0]}
{"class":"TSStatic","persistentId":"1901b26a-61f2-47c7-a7d7-81d526879614","__parent":"DynamicLights","position":[280.73938,389.25351,9.46133614],"isRenderEnabled":false,"rotationMatrix":[0.726596177,0.687064767,-2.80124257e-10,-0.687064588,0.726595998,-0.000690531568,-0.00047443973,0.000501737813,0.999999762],"shapeName":"/levels/RoadAtlanta/art/TSOs/free/streetlight.DAE"}
{"class":"SpotLight","persistentId":"dab925a2-8947-4fdf-a504-b323843b828c","__parent":"DynamicLights","position":[280.457092,390.546661,21.5225353],"color":[0.886274993,0.776471019,0.592157006,0.00800000038],"flareScale":5,"flareType":"vehicleHeadLightFlare","innerAngle":30,"isEnabled":false,"outerAngle":180,"range":0.0500000007,"rotationMatrix":[0.995974362,-0.0896389261,-3.566546e-05,0.0841766298,0.935419559,-0.343372524,0.0308129005,0.341987163,0.939199269],"shadowDarkenColor":[0,0,0,0]}
{"class":"TSStatic","persistentId":"4ddf03d1-7a6e-4f07-af7a-82615a242446","__parent":"DynamicLights","position":[227.320099,427.026917,8.1944294],"isRenderEnabled":false,"rotationMatrix":[0.726596177,0.687064767,-2.80124257e-10,-0.687064588,0.726595998,-0.000690531568,-0.00047443973,0.000501737813,0.999999762],"shapeName":"/levels/RoadAtlanta/art/TSOs/free/streetlight.DAE"}
{"class":"SpotLight","persistentId":"7026a1d6-500b-4d9b-aae3-ddbc5c3c9661","__parent":"DynamicLights","position":[227.037811,428.320068,20.2556286],"color":[0.886274993,0.776471019,0.592157006,0.00800000038],"flareScale":5,"flareType":"vehicleHeadLightFlare","innerAngle":30,"isEnabled":false,"outerAngle":180,"range":0.0500000007,"rotationMatrix":[0.995974362,-0.0896389261,-3.566546e-05,0.0841766298,0.935419559,-0.343372524,0.0308129005,0.341987163,0.939199269],"shadowDarkenColor":[0,0,0,0]}
{"class":"TSStatic","persistentId":"3d9ccf67-47f9-4f06-8dd8-e23f231b66c8","__parent":"DynamicLights","position":[166.586807,469.42807,9.73874092],"isRenderEnabled":false,"rotationMatrix":[0.726596177,0.687064767,-2.80124257e-10,-0.687064588,0.726595998,-0.000690531568,-0.00047443973,0.000501737813,0.999999762],"shapeName":"/levels/RoadAtlanta/art/TSOs/free/streetlight.DAE"}
{"class":"SpotLight","persistentId":"d29b156c-1a80-46d8-b53a-2f74c64d179e","__parent":"DynamicLights","position":[166.30452,470.721222,21.7999401],"color":[0.886274993,0.776471019,0.592157006,0.00800000038],"flareScale":5,"flareType":"vehicleHeadLightFlare","innerAngle":30,"isEnabled":false,"outerAngle":180,"range":0.0500000007,"rotationMatrix":[0.995974362,-0.0896389261,-3.566546e-05,0.0841766298,0.935419559,-0.343372524,0.0308129005,0.341987163,0.939199269],"shadowDarkenColor":[0,0,0,0]}
{"class":"TSStatic","persistentId":"94773681-7ff3-4976-94a3-51326cd5be8e","__parent":"DynamicLights","position":[139.292664,522.279297,10.3927937],"isRenderEnabled":false,"rotationMatrix":[0.726596177,0.687064767,-2.80124257e-10,-0.687064588,0.726595998,-0.000690531568,-0.00047443973,0.000501737813,0.999999762],"shapeName":"/levels/RoadAtlanta/art/TSOs/free/streetlight.DAE"}
{"class":"SpotLight","persistentId":"d9be9b9b-091f-4519-906f-4d6d07ce4ed9","__parent":"DynamicLights","position":[139.010376,523.572449,22.4539928],"color":[0.886274993,0.776471019,0.592157006,0.00800000038],"flareScale":5,"flareType":"vehicleHeadLightFlare","innerAngle":30,"isEnabled":false,"outerAngle":180,"range":0.0500000007,"rotationMatrix":[0.995974362,-0.0896389261,-3.566546e-05,0.0841766298,0.935419559,-0.343372524,0.0308129005,0.341987163,0.939199269],"shadowDarkenColor":[0,0,0,0]}
{"class":"TSStatic","persistentId":"e1cbade9-3597-48de-a717-33b76a70d4c5","__parent":"DynamicLights","position":[96.5203857,559.734375,9.23294163],"isRenderEnabled":false,"rotationMatrix":[0.726596177,0.687064767,-2.80124257e-10,-0.687064588,0.726595998,-0.000690531568,-0.00047443973,0.000501737813,0.999999762],"shapeName":"/levels/RoadAtlanta/art/TSOs/free/streetlight.DAE"}
{"class":"SpotLight","persistentId":"b2238ddd-29dc-4a00-970a-1e7c720217a6","__parent":"DynamicLights","position":[96.2380981,561.027527,21.2941399],"color":[0.886274993,0.776471019,0.592157006,0.00800000038],"flareScale":5,"flareType":"vehicleHeadLightFlare","innerAngle":30,"isEnabled":false,"outerAngle":180,"range":0.0500000007,"rotationMatrix":[0.995974362,-0.0896389261,-3.566546e-05,0.0841766298,0.935419559,-0.343372524,0.0308129005,0.341987163,0.939199269],"shadowDarkenColor":[0,0,0,0]}
{"class":"TSStatic","persistentId":"34e8f2e9-dd93-4f85-8133-f917ce768555","__parent":"DynamicLights","position":[416.659698,606.78009,1.30941868],"isRenderEnabled":false,"rotationMatrix":[-0.242835104,-0.970067561,-9.38768854e-11,0.970067322,-0.242835045,-0.000690530462,0.000669861212,-0.000167685124,0.999999762],"shapeName":"/levels/RoadAtlanta/art/TSOs/free/streetlight.DAE"}
{"name":"SpotLight26","class":"TSStatic","persistentId":"c12eeac9-913f-483b-9d0f-f05586d51792","__parent":"DynamicLights","position":[91.6912994,646.953003,1.80086994],"cloneOrigin":"SpotLight2","isRenderEnabled":false,"rotationMatrix":[0.582593083,0.812637866,0.0143200066,-0.812408864,0.581727207,0.0398162939,0.0240258891,-0.0348303989,0.9991045],"shapeName":"/levels/RoadAtlanta/art/TSOs/free/Spotlight.dae"}
{"class":"PointLight","persistentId":"7fcbcff9-9842-49b0-8c4f-084df491d2b3","__parent":"DynamicLights","position":[103.767876,659.88324,10.9941397],"brightness":1.5,"cloneOrigin":"SpotLight2","isEnabled":false,"radius":40,"rotationMatrix":[0.582064331,0.813142836,-3.94720756e-10,-0.813142657,0.582064211,-0.000690532848,-0.00056150154,0.000401934813,0.999999762],"shadowDarkenColor":[0,0,0,0]}
{"class":"SpotLight","persistentId":"6b502853-3a0a-4e03-8f4d-d46efb7abc8d","__parent":"DynamicLights","position":[91.3588333,647.693054,14.0574293],"cloneOrigin":"SpotLight2","flareScale":0.5,"flareType":"vehicleDefaultLightflare","innerAngle":30,"isEnabled":false,"outerAngle":180,"range":0.0500000007,"rotationMatrix":[0.812384427,-0.581711233,-0.0405412726,0.538727462,0.775327086,-0.329606771,0.223168701,0.245926708,0.943247437],"shadowDarkenColor":[0,0,0,0]}
{"class":"SpotLight","persistentId":"6ab68dca-5980-43eb-a984-f4a5a45a366e","__parent":"DynamicLights","position":[91.3811417,647.72467,13.4798727],"cloneOrigin":"SpotLight2","flareScale":0.5,"flareType":"vehicleDefaultLightflare","isEnabled":false,"outerAngle":180,"range":0.0500000007,"rotationMatrix":[0.812384427,-0.581711233,-0.0405412726,0.538727462,0.775327086,-0.329606771,0.223168701,0.245926708,0.943247437],"shadowDarkenColor":[0,0,0,0]}
{"class":"SpotLight","persistentId":"30211f62-ffd0-4d23-9bc8-20700651a31b","__parent":"DynamicLights","position":[91.9118729,647.176514,13.3620062],"cloneOrigin":"SpotLight2","flareScale":0.5,"flareType":"vehicleDefaultLightflare","isEnabled":false,"outerAngle":180,"range":0.0500000007,"rotationMatrix":[0.300492495,-0.952901125,-0.0410336554,0.88704896,0.295018345,-0.35511744,0.350497484,0.0703112632,0.933920681],"shadowDarkenColor":[0,0,0,0]}
{"class":"SpotLight","persistentId":"3cd43be4-a11b-4b30-804f-1659dbbbe103","__parent":"DynamicLights","position":[91.9840317,647.141052,14.0863028],"cloneOrigin":"SpotLight2","flareScale":0.5,"flareType":"vehicleDefaultLightflare","innerAngle":30,"isEnabled":false,"outerAngle":180,"range":0.0500000007,"rotationMatrix":[0.305213362,-0.951396763,-0.0410971753,0.885639548,0.299449712,-0.354926139,0.349982142,0.0719309226,0.933990657],"shadowDarkenColor":[0,0,0,0]}
{"class":"SpotLight","persistentId":"86f362ee-56a6-4b2b-a600-f4ff764f096f","__parent":"DynamicLights","position":[90.6893845,648.077454,14.0890512],"cloneOrigin":"SpotLight2","flareScale":0.5,"flareType":"vehicleDefaultLightflare","innerAngle":30,"isEnabled":false,"outerAngle":180,"range":0.0500000007,"rotationMatrix":[0.994554937,0.102094308,-0.0209108405,-0.103561006,0.945801795,-0.307788908,-0.011645983,0.308278531,0.951224804],"shadowDarkenColor":[0,0,0,0]}
{"class":"SpotLight","persistentId":"a653682f-3bea-4e8a-b071-1ed5c3215fbf","__parent":"DynamicLights","position":[90.6731339,648.100769,13.4291182],"cloneOrigin":"SpotLight2","flareScale":0.5,"flareType":"vehicleDefaultLightflare","innerAngle":30,"isEnabled":false,"outerAngle":180,"range":0.0500000007,"rotationMatrix":[0.994554937,0.102094308,-0.0209108405,-0.103561006,0.945801795,-0.307788908,-0.011645983,0.308278531,0.951224804],"shadowDarkenColor":[0,0,0,0]}
{"name":"bright1","class":"SpotLight","persistentId":"0c30bfca-ae5f-4d34-a974-c840cb287ecc","__parent":"DynamicLights","position":[77.5136642,745.514465,17.5892963],"brightness":0.5,"flareScale":0.5,"flareType":"vehicleDefaultLightflare","innerAngle":30,"isEnabled":false,"outerAngle":180,"priority":10,"range":0.0500000007,"rotationMatrix":[-0.830304742,0.557309747,-3.48128342e-05,-0.52341485,-0.779828191,-0.343372971,-0.191392228,-0.285085976,0.939199209],"shadowDarkenColor":[0,0,0,0]}
{"class":"SpotLight","persistentId":"f9c7c7b0-b388-44c5-ad28-7d06e1805493","__parent":"DynamicLights","position":[78.1951218,745.150391,16.9303455],"flareScale":0.5,"flareType":"vehicleDefaultLightflare","innerAngle":30,"isEnabled":false,"outerAngle":180,"range":0.0500000007,"rotationMatrix":[-0.991238713,-0.132083043,-3.56594064e-05,0.124064401,-0.930968821,-0.343372971,0.0453205518,-0.340369016,0.93919915],"shadowDarkenColor":[0,0,0,0]}
{"class":"SpotLight","persistentId":"c295da90-fa4e-491b-9123-f8bc4677a506","__parent":"DynamicLights","position":[78.1951218,745.150391,17.5908833],"flareScale":0.5,"flareType":"vehicleDefaultLightflare","innerAngle":30,"isEnabled":false,"outerAngle":180,"range":0.0500000007,"rotationMatrix":[-0.991238713,-0.132083043,-3.56594064e-05,0.124064401,-0.930968821,-0.343372971,0.0453205518,-0.340369016,0.93919915],"shadowDarkenColor":[0,0,0,0]}
{"class":"SpotLight","persistentId":"15fd13b3-2c8f-4844-92f2-c1635055546a","__parent":"DynamicLights","position":[76.8731003,746.046082,17.6529636],"flareScale":0.5,"flareType":"vehicleDefaultLightflare","innerAngle":30,"isEnabled":false,"outerAngle":180,"range":0.0500000007,"rotationMatrix":[-0.334677488,0.942332745,-3.51890885e-05,-0.885034144,-0.314340234,-0.343372911,-0.32358253,-0.114888005,0.93919915],"shadowDarkenColor":[0,0,0,0]}
{"class":"SpotLight","persistentId":"f6b01b07-599d-4048-9adf-b314a1fed690","__parent":"DynamicLights","position":[76.9276657,746.037903,16.9263172],"flareScale":0.5,"flareType":"vehicleDefaultLightflare","isEnabled":false,"outerAngle":180,"range":0.0500000007,"rotationMatrix":[-0.330003023,0.943979919,-3.47937457e-05,-0.886580765,-0.309949666,-0.343374193,-0.324149102,-0.113283664,0.939198673],"shadowDarkenColor":[0,0,0,0]}
{"class":"SpotLight","persistentId":"3cdfa800-aea4-4ea4-8666-4a446f4781fa","__parent":"DynamicLights","position":[77.4777145,745.502686,17.0117054],"castShadows":true,"flareScale":0.5,"flareType":"vehicleDefaultLightflare","innerAngle":0,"isEnabled":false,"outerAngle":70,"range":50,"rotationMatrix":[-0.830304742,0.557309747,-3.48128342e-05,-0.52341485,-0.779828191,-0.343372971,-0.191392228,-0.285085976,0.939199209],"shadowDarkenColor":[0,0,0,0]}
{"class":"PointLight","persistentId":"793b6de9-34c9-4fb1-8346-0ba6e93923bf","__parent":"DynamicLights","position":[66.3328018,730.113892,19.2097797],"brightness":1.5,"isEnabled":false,"radius":50,"rotationMatrix":[-0.279546708,0.960132182,-2.59206018e-10,-0.960131943,-0.279546648,-0.00069053279,-0.000663002778,-0.000193035914,0.999999762],"shadowDarkenColor":[0,0,0,0]}
{"name":"SpotLight25","class":"TSStatic","persistentId":"d6396ac3-da71-41c2-a348-47ed9f7b49eb","__parent":"DynamicLights","position":[76.8434067,746.668701,5.31836128],"isRenderEnabled":false,"rotationMatrix":[-0.557299256,-0.830311775,3.58340857e-10,0.830311596,-0.557299078,-0.000690533838,0.000573358499,-0.000384833664,0.999999762],"shapeName":"/levels/RoadAtlanta/art/TSOs/free/Spotlight.dae"}
{"class":"SpotLight","persistentId":"a9cdf7c4-86ed-4ee2-a345-c41cae27a488","__parent":"DynamicLights","position":[323.842377,106.567505,24.5716572],"cloneOrigin":"SpotLight6","flareScale":0.5,"flareType":"vehicleDefaultLightflare","innerAngle":30,"isEnabled":false,"outerAngle":180,"range":0.0500000007,"rotationMatrix":[-0.10563349,-0.99440515,-3.55737211e-05,0.933944941,-0.0991986468,-0.343375444,0.341450781,-0.0363051668,0.939198256],"shadowDarkenColor":[0,0,0,0]}
{"class":"SpotLight","persistentId":"f9fbd813-dbc6-42d4-b30f-13b8fabf4636","__parent":"DynamicLights","position":[323.842377,106.567505,25.2321949],"cloneOrigin":"SpotLight6","flareScale":0.5,"flareType":"vehicleDefaultLightflare","innerAngle":30,"isEnabled":false,"outerAngle":180,"range":0.0500000007,"rotationMatrix":[-0.10563349,-0.99440515,-3.55737211e-05,0.933944941,-0.0991986468,-0.343375444,0.341450781,-0.0363051668,0.939198256],"shadowDarkenColor":[0,0,0,0]}
{"class":"SpotLight","persistentId":"4e0374f9-8091-4da5-8a16-f0c39f1294f3","__parent":"DynamicLights","position":[322.660339,105.494522,25.2942753],"cloneOrigin":"SpotLight6","flareScale":0.5,"flareType":"vehicleDefaultLightflare","innerAngle":30,"isEnabled":false,"outerAngle":180,"range":0.0500000007,"rotationMatrix":[-0.994704306,-0.102778763,-3.51923482e-05,0.0965416431,-0.934223175,-0.343375385,0.0352588221,-0.341560364,0.939198256],"shadowDarkenColor":[0,0,0,0]}
{"class":"SpotLight","persistentId":"33d61eff-a801-4aac-b8cc-a547a705d511","__parent":"DynamicLights","position":[322.681488,105.545425,24.5676289],"cloneOrigin":"SpotLight6","flareScale":0.5,"flareType":"vehicleDefaultLightflare","isEnabled":false,"outerAngle":180,"range":0.0500000007,"rotationMatrix":[-0.99520129,-0.0978489518,-3.55429875e-05,0.091911763,-0.934690714,-0.343373746,0.0335655399,-0.341729283,0.939198911],"shadowDarkenColor":[0,0,0,0]}
{"class":"SpotLight","persistentId":"ee347ff7-e3f1-4486-a5a9-ba6d264572a1","__parent":"DynamicLights","position":[323.331116,105.953316,24.653017],"cloneOrigin":"SpotLight6","flareScale":0.5,"flareType":"vehicleDefaultLightflare","isEnabled":false,"outerAngle":180,"range":0.0500000007,"rotationMatrix":[-0.7375561,-0.675285935,-3.52584721e-05,0.634236336,-0.692703187,-0.343375295,0.231852055,-0.253280878,0.939198256],"shadowDarkenColor":[0,0,0,0]}
{"class":"SpotLight","persistentId":"bd2b4068-b7f0-4d0b-ad74-55ffaa3371cf","__parent":"DynamicLights","position":[323.339752,105.918594,25.2270069],"castShadows":true,"cloneOrigin":"SpotLight6","flareScale":0.5,"flareType":"vehicleDefaultLightflare","innerAngle":0,"isEnabled":false,"outerAngle":60,"range":50,"rotationMatrix":[-0.7375561,-0.675285935,-3.52584721e-05,0.634236336,-0.692703187,-0.343375295,0.231852055,-0.253280878,0.939198256],"shadowDarkenColor":[0,0,0,0]}
{"class":"PointLight","persistentId":"3ea2b95c-4bb7-48f2-8809-e7c640d6b344","__parent":"DynamicLights","position":[332.041199,79.2275848,28.8263302],"brightness":1.25,"cloneOrigin":"SpotLight6","isEnabled":false,"radius":75,"rotationMatrix":[0.675294697,-0.737548053,-4.54747308e-12,0.737547874,0.675294518,-0.000690531102,0.000509299862,0.000466311962,0.999999762],"shadowDarkenColor":[0,0,0,0]}
{"name":"SpotLight12","class":"TSStatic","persistentId":"340bc1cf-d3ed-4dab-8597-0229beb80098","__parent":"DynamicLights","position":[322.048248,105.612381,12.9596806],"cloneOrigin":"SpotLight6","isRenderEnabled":false,"rotationMatrix":[0.675294697,-0.737548053,4.90217589e-10,0.737547874,0.675294518,-0.000690533139,0.000509301026,0.000466313708,0.999999762],"shapeName":"/levels/RoadAtlanta/art/TSOs/free/Spotlight.dae"}
{"class":"SpotLight","persistentId":"797a727a-e802-47ab-be65-87ee36cef8fe","__parent":"DynamicLights","position":[372.7659,192.255386,23.9883404],"cloneOrigin":"SpotLight6","flareScale":0.5,"flareType":"vehicleDefaultLightflare","innerAngle":30,"isEnabled":false,"outerAngle":180,"range":0.0500000007,"rotationMatrix":[0.117755465,-0.993042707,-3.57623212e-05,0.932662547,0.110607922,-0.343375236,0.340990216,0.0404009558,0.939198375],"shadowDarkenColor":[0,0,0,0]}
{"class":"SpotLight","persistentId":"ef2a1404-72c6-4c53-bea2-307d8d47d2c1","__parent":"DynamicLights","position":[372.7659,192.255386,24.6488762],"cloneOrigin":"SpotLight6","flareScale":0.5,"flareType":"vehicleDefaultLightflare","innerAngle":30,"isEnabled":false,"outerAngle":180,"range":0.0500000007,"rotationMatrix":[0.117755465,-0.993042707,-3.57623212e-05,0.932662547,0.110607922,-0.343375236,0.340990216,0.0404009558,0.939198375],"shadowDarkenColor":[0,0,0,0]}
{"class":"SpotLight","persistentId":"a0cd9de6-f245-461f-8382-e51fca84fd49","__parent":"DynamicLights","position":[371.851837,190.946777,24.7109566],"cloneOrigin":"SpotLight6","flareScale":0.5,"flareType":"vehicleDefaultLightflare","innerAngle":30,"isEnabled":false,"outerAngle":180,"range":0.0500000007,"rotationMatrix":[-0.947067797,-0.321033746,-3.51290255e-05,0.301525742,-0.889480591,-0.343375444,0.110203862,-0.325210392,0.939198256],"shadowDarkenColor":[0,0,0,0]}
{"class":"SpotLight","persistentId":"8e1601e0-c7f1-40ac-a40e-65d9860458d3","__parent":"DynamicLights","position":[371.861023,191.001129,23.9843121],"cloneOrigin":"SpotLight6","flareScale":0.5,"flareType":"vehicleDefaultLightflare","isEnabled":false,"outerAngle":180,"range":0.0500000007,"rotationMatrix":[-0.948646784,-0.316337347,-3.52049246e-05,0.297115088,-0.890963912,-0.343374223,0.10859073,-0.325751334,0.939198732],"shadowDarkenColor":[0,0,0,0]}
{"class":"SpotLight","persistentId":"8c744da9-36e7-49ce-9a42-ceac458323c0","__parent":"DynamicLights","position":[372.403839,191.542877,24.0696983],"cloneOrigin":"SpotLight6","flareScale":0.5,"flareType":"vehicleDefaultLightflare","isEnabled":false,"outerAngle":180,"range":0.0500000007,"rotationMatrix":[-0.56924206,-0.822170079,-3.5296187e-05,0.772187829,-0.534621358,-0.343374521,0.282293379,-0.19549045,0.939198613],"shadowDarkenColor":[0,0,0,0]}
{"name":"br11","class":"SpotLight","persistentId":"88f7d311-5e2e-41c8-8176-bea59a5dc5c6","__parent":"DynamicLights","position":[372.419952,191.511108,24.6436882],"castShadows":true,"cloneOrigin":"SpotLight6","flareScale":0.5,"flareType":"vehicleDefaultLightflare","innerAngle":0,"isEnabled":false,"outerAngle":70,"range":50,"rotationMatrix":[-0.56924206,-0.822170079,-3.5296187e-05,0.772187829,-0.534621358,-0.343374521,0.282293379,-0.19549045,0.939198613],"shadowDarkenColor":[0,0,0,0]}
{"class":"PointLight","persistentId":"dd44425e-22ea-4284-b21b-dfaed4e539e5","__parent":"DynamicLights","position":[381.1521,178.845169,23.4426346],"brightness":1.5,"cloneOrigin":"SpotLight6","isEnabled":false,"radius":66,"rotationMatrix":[0.822176933,-0.569232106,-5.96628358e-10,0.569231987,0.822176754,-0.000690531393,0.000393073045,0.000567738549,0.999999762],"shadowDarkenColor":[0,0,0,0]}
{"name":"SpotLight11","class":"TSStatic","persistentId":"df6218ed-7ca5-4290-82af-2076452ea243","__parent":"DynamicLights","position":[371.228851,190.925949,12.3763638],"cloneOrigin":"SpotLight6","isRenderEnabled":false,"rotationMatrix":[0.822176933,-0.569232106,6.73025941e-11,0.569231987,0.822176754,-0.000690531277,0.000393072463,0.000567738898,0.999999762],"shapeName":"/levels/RoadAtlanta/art/TSOs/free/Spotlight.dae"}
{"class":"SpotLight","persistentId":"eba88be7-e658-48ae-a8ca-cee493805742","__parent":"DynamicLights","position":[500.575653,397.648407,3.95931673],"cloneOrigin":"SpotLight9","flareScale":0.5,"flareType":"vehicleDefaultLightflare","innerAngle":30,"isEnabled":false,"outerAngle":180,"range":0.0500000007,"rotationMatrix":[0.93288976,-0.360162199,-3.54959593e-05,0.338252366,0.87617296,-0.343375027,0.123701781,0.320318997,0.939198375],"shadowDarkenColor":[0,0,0,0]}
{"class":"SpotLight","persistentId":"f6b4187c-d49a-4298-bb8b-2742b0a8b2d7","__parent":"DynamicLights","position":[500.575653,397.648407,4.61985445],"cloneOrigin":"SpotLight9","flareScale":0.5,"flareType":"vehicleDefaultLightflare","innerAngle":30,"isEnabled":false,"outerAngle":180,"range":0.0500000007,"rotationMatrix":[0.93288976,-0.360162199,-3.54959593e-05,0.338252366,0.87617296,-0.343375027,0.123701781,0.320318997,0.939198375],"shadowDarkenColor":[0,0,0,0]}
{"class":"SpotLight","persistentId":"7a89dc5d-4d6b-41b0-80db-c683c6663ad2","__parent":"DynamicLights","position":[501.304932,396.228455,4.68193483],"cloneOrigin":"SpotLight9","flareScale":0.5,"flareType":"vehicleDefaultLightflare","innerAngle":30,"isEnabled":false,"outerAngle":180,"range":0.0500000007,"rotationMatrix":[-0.158973023,-0.987282991,-3.54219192e-05,0.927256107,-0.149295136,-0.34337616,0.339004099,-0.0546203814,0.939198017],"shadowDarkenColor":[0,0,0,0]}
{"class":"SpotLight","persistentId":"5cfb8826-773c-4aa3-a32a-05794a4080ec","__parent":"DynamicLights","position":[501.261322,396.262024,3.95528841],"cloneOrigin":"SpotLight9","flareScale":0.5,"flareType":"vehicleDefaultLightflare","isEnabled":false,"outerAngle":180,"range":0.0500000007,"rotationMatrix":[-0.163861677,-0.986483395,-3.51513736e-05,0.926505446,-0.153886706,-0.343375087,0.338728428,-0.0562985875,0.939198375],"shadowDarkenColor":[0,0,0,0]}
{"class":"SpotLight","persistentId":"b322b9cf-17ad-48f1-9cd2-314f71273916","__parent":"DynamicLights","position":[501.036407,396.995361,4.04067659],"cloneOrigin":"SpotLight9","flareScale":0.5,"flareType":"vehicleDefaultLightflare","isEnabled":false,"outerAngle":180,"range":0.0500000007,"rotationMatrix":[0.460662991,-0.887575209,-3.50796618e-05,0.833603561,0.432664603,-0.343375146,0.304786444,0.158150986,0.939198375],"shadowDarkenColor":[0,0,0,0]}
{"name":"br10","class":"SpotLight","persistentId":"78d577dc-2785-4edb-9d3d-2bad2b97d285","__parent":"DynamicLights","position":[501.07196,396.994446,4.61466646],"cloneOrigin":"SpotLight9","flareScale":0.5,"flareType":"vehicleDefaultLightflare","innerAngle":50,"isEnabled":false,"outerAngle":70,"range":60,"rotationMatrix":[0.460662991,-0.887575209,-3.50796618e-05,0.833603561,0.432664603,-0.343375146,0.304786444,0.158150986,0.939198375],"shadowDarkenColor":[0,0,0,0]}
{"class":"PointLight","persistentId":"dfc914ea-d0e0-4846-85fe-83a4184d09af","__parent":"DynamicLights","position":[512.565063,393.113495,4.34121656],"brightness":1.5,"cloneOrigin":"SpotLight9","isEnabled":false,"radius":60,"rotationMatrix":[0.887569785,0.460673243,1.39152675e-10,-0.460673153,0.887569606,-0.000690532383,-0.000318109931,0.000612895703,0.999999762],"shadowDarkenColor":[0,0,0,0]}
{"name":"SpotLight10","class":"TSStatic","persistentId":"a6b738f0-fe41-4048-9b94-50953d0d46e0","__parent":"DynamicLights","position":[501.032288,395.66803,-7.65265942],"cloneOrigin":"SpotLight9","isRenderEnabled":false,"rotationMatrix":[0.887569785,0.460673243,1.05956122e-09,-0.460673153,0.887569606,-0.000690532615,-0.000318110833,0.000612895412,0.999999762],"shapeName":"/levels/RoadAtlanta/art/TSOs/free/Spotlight.dae"}
{"class":"SpotLight","persistentId":"7d0a80be-42e6-409b-9c49-b836e3a518ff","__parent":"DynamicLights","position":[451.626038,499.941864,6.60280323],"cloneOrigin":"SpotLight6","flareScale":0.5,"flareType":"vehicleDefaultLightflare","innerAngle":30,"isEnabled":false,"outerAngle":180,"range":0.0500000007,"rotationMatrix":[-0.951907575,0.306385636,-3.56766468e-05,-0.287745178,-0.894033611,-0.343375266,-0.105237156,-0.326851279,0.939198375],"shadowDarkenColor":[0,0,0,0]}
{"class":"SpotLight","persistentId":"c4c93209-8c3c-4cdb-8001-9d5c773f8db8","__parent":"DynamicLights","position":[451.626038,499.941864,7.26334095],"cloneOrigin":"SpotLight6","flareScale":0.5,"flareType":"vehicleDefaultLightflare","innerAngle":30,"isEnabled":false,"outerAngle":180,"range":0.0500000007,"rotationMatrix":[-0.951907575,0.306385636,-3.56766468e-05,-0.287745178,-0.894033611,-0.343375266,-0.105237156,-0.326851279,0.939198375],"shadowDarkenColor":[0,0,0,0]}
{"class":"SpotLight","persistentId":"de8f9a25-06f7-479a-8e95-30e1e833b1ab","__parent":"DynamicLights","position":[450.816833,501.317841,7.32542133],"cloneOrigin":"SpotLight6","flareScale":0.5,"flareType":"vehicleDefaultLightflare","innerAngle":30,"isEnabled":false,"outerAngle":180,"range":0.0500000007,"rotationMatrix":[0.102422535,0.994740963,-3.52235438e-05,-0.934260309,0.0961830392,-0.343375087,-0.341565877,0.0352022573,0.939198375],"shadowDarkenColor":[0,0,0,0]}
{"class":"SpotLight","persistentId":"f5ce84d8-5191-4369-9386-013c9dca6f5c","__parent":"DynamicLights","position":[450.862396,501.286835,6.59877491],"cloneOrigin":"SpotLight6","flareScale":0.5,"flareType":"vehicleDefaultLightflare","isEnabled":false,"outerAngle":180,"range":0.0500000007,"rotationMatrix":[0.1073495,0.994221389,-3.52095776e-05,-0.933772564,0.100810476,-0.343374461,-0.341386706,0.0368939564,0.939198613],"shadowDarkenColor":[0,0,0,0]}
{"class":"SpotLight","persistentId":"1a7d9229-0a51-418b-8424-dd98b50ea5f8","__parent":"DynamicLights","position":[451.128937,500.567688,6.68416309],"cloneOrigin":"SpotLight6","flareScale":0.5,"flareType":"vehicleDefaultLightflare","isEnabled":false,"outerAngle":180,"range":0.0500000007,"rotationMatrix":[-0.51052016,0.859865844,-3.51993331e-05,-0.807578623,-0.479490191,-0.343374401,-0.295272768,-0.175271109,0.939198554],"shadowDarkenColor":[0,0,0,0]}
{"name":"br9","class":"SpotLight","persistentId":"bdf169a0-42e2-4cd8-9d89-280f0f1e8032","__parent":"DynamicLights","position":[451.093353,500.566345,7.25815058],"castShadows":true,"cloneOrigin":"SpotLight6","flareScale":0.5,"flareType":"vehicleDefaultLightflare","innerAngle":0,"isEnabled":false,"outerAngle":70,"range":50,"rotationMatrix":[-0.51052016,0.859865844,-3.51993331e-05,-0.807578623,-0.479490191,-0.343374401,-0.295272768,-0.175271109,0.939198554],"shadowDarkenColor":[0,0,0,0]}
{"class":"PointLight","persistentId":"a479bfe7-3e83-436e-a12e-67d85adf78f3","__parent":"DynamicLights","position":[430.362244,488.490997,12.0463829],"brightness":1.5,"cloneOrigin":"SpotLight6","isEnabled":false,"radius":50,"rotationMatrix":[-0.859859705,-0.510530472,-6.29370167e-10,0.510530353,-0.859859467,-0.000690531917,0.000352536998,-0.000593760866,0.999999762],"shadowDarkenColor":[0,0,0,0]}
{"name":"SpotLight9","class":"TSStatic","persistentId":"9cdb1143-fa61-4532-9bca-79423db79a44","__parent":"DynamicLights","position":[451.05719,501.892975,-5.0091753],"cloneOrigin":"SpotLight6","isRenderEnabled":false,"rotationMatrix":[-0.859859705,-0.510530472,1.43700135e-10,0.510530353,-0.859859467,-0.000690531568,0.000352537492,-0.000593760167,0.999999762],"shapeName":"/levels/RoadAtlanta/art/TSOs/free/Spotlight.dae"}
{"class":"SpotLight","persistentId":"4cdeef0c-c6f0-4906-83fc-77165b977202","__parent":"DynamicLights","position":[437.034393,410.215149,5.77281761],"cloneOrigin":"SpotLight7","flareScale":0.5,"flareType":"vehicleDefaultLightflare","innerAngle":30,"isEnabled":false,"outerAngle":180,"range":0.0500000007,"rotationMatrix":[0.99412024,0.1037267,-0.0310759991,-0.1082756,0.949176073,-0.295535296,-0.001158308,0.297162414,0.954826236],"shadowDarkenColor":[0,0,0,0]}
{"class":"SpotLight","persistentId":"3e802f7c-01bf-404f-ab63-0309176f956e","__parent":"DynamicLights","position":[437.058197,410.184235,6.43220139],"cloneOrigin":"SpotLight7","flareScale":0.5,"flareType":"vehicleDefaultLightflare","innerAngle":30,"isEnabled":false,"outerAngle":180,"range":0.0500000007,"rotationMatrix":[0.99412024,0.1037267,-0.0310759991,-0.1082756,0.949176073,-0.295535296,-0.001158308,0.297162414,0.954826236],"shadowDarkenColor":[0,0,0,0]}
{"class":"SpotLight","persistentId":"7e63679e-b7e2-459d-a014-c1eace30f06e","__parent":"DynamicLights","position":[438.353943,409.249725,6.40375042],"cloneOrigin":"SpotLight7","flareScale":0.5,"flareType":"vehicleDefaultLightflare","innerAngle":30,"isEnabled":false,"outerAngle":180,"range":0.0500000007,"rotationMatrix":[0.305931538,-0.950424492,-0.0556719862,0.881141484,0.304805368,-0.361501724,0.360549152,0.0615398772,0.930707872],"shadowDarkenColor":[0,0,0,0]}
{"class":"SpotLight","persistentId":"03e11b1a-e489-4468-a8fa-513b9fad82ea","__parent":"DynamicLights","position":[438.273468,409.293488,5.68078995],"cloneOrigin":"SpotLight7","flareScale":0.5,"flareType":"vehicleDefaultLightflare","isEnabled":false,"outerAngle":180,"range":0.0500000007,"rotationMatrix":[0.301213533,-0.951935947,-0.0555721447,0.882554412,0.300378501,-0.361760497,0.361065477,0.059921708,0.930613279],"shadowDarkenColor":[0,0,0,0]}
{"class":"SpotLight","persistentId":"0c99c34b-6898-4bc3-9bb3-7989e0f46a24","__parent":"DynamicLights","position":[437.743378,409.8396,5.81109333],"cloneOrigin":"SpotLight7","flareScale":0.5,"flareType":"vehicleDefaultLightflare","isEnabled":false,"outerAngle":180,"range":0.0500000007,"rotationMatrix":[0.812605739,-0.58005929,-0.0565974973,0.533937752,0.779868364,-0.326674163,0.233628958,0.235237733,0.943440914],"shadowDarkenColor":[0,0,0,0]}
{"class":"SpotLight","persistentId":"be5b737d-7d7b-4142-a8ab-62fdd4c8a6cb","__parent":"DynamicLights","position":[437.727753,409.801117,6.38845539],"cloneOrigin":"SpotLight7","flareScale":0.5,"flareType":"vehicleDefaultLightflare","innerAngle":30,"isEnabled":false,"outerAngle":180,"range":0.0500000007,"rotationMatrix":[0.812605739,-0.58005929,-0.0565974973,0.533937752,0.779868364,-0.326674163,0.233628958,0.235237733,0.943440914],"shadowDarkenColor":[0,0,0,0]}
{"class":"PointLight","persistentId":"c5a4b389-462f-42a5-9542-ae080b1c5a52","__parent":"DynamicLights","position":[460.518158,439.992767,4.17790699],"brightness":1.5,"cloneOrigin":"SpotLight7","isEnabled":false,"radius":50,"rotationMatrix":[0.582064331,0.813142836,-3.94720756e-10,-0.813142657,0.582064211,-0.000690532848,-0.00056150154,0.000401934813,0.999999762],"shadowDarkenColor":[0,0,0,0]}
{"name":"SpotLight8","class":"TSStatic","persistentId":"e2333796-3956-4c18-b1ad-8c1040142482","__parent":"DynamicLights","position":[437.920288,409.204987,-5.93888092],"cloneOrigin":"SpotLight7","isRenderEnabled":false,"rotationMatrix":[0.58168596,0.813232899,0.0171410777,-0.8126387,0.580083251,0.0558730438,0.0354945399,-0.0464300625,0.998290718],"shapeName":"/levels/RoadAtlanta/art/TSOs/free/Spotlight.dae"}
{"class":"SpotLight","persistentId":"c5ef3b41-3dc1-4df3-b8cb-6426e81e9401","__parent":"DynamicLights","position":[338.013306,478.465332,7.61410999],"flareScale":0.5,"flareType":"vehicleDefaultLightflare","innerAngle":30,"isEnabled":false,"outerAngle":180,"range":0.0500000007,"rotationMatrix":[0.993885934,0.102156483,-0.0418921523,-0.110320464,0.934284329,-0.339031547,0.0045049116,0.341580212,0.939841866],"shadowDarkenColor":[0,0,0,0]}
{"class":"SpotLight","persistentId":"2736493d-3232-4147-bbec-dc6288ae41c0","__parent":"DynamicLights","position":[338.041138,478.465332,8.27406025],"flareScale":0.5,"flareType":"vehicleDefaultLightflare","innerAngle":30,"isEnabled":false,"outerAngle":180,"range":0.0500000007,"rotationMatrix":[0.993885934,0.102156483,-0.0418921523,-0.110320464,0.934284329,-0.339031547,0.0045049116,0.341580212,0.939841866],"shadowDarkenColor":[0,0,0,0]}
{"class":"SpotLight","persistentId":"2b39f5fd-a71b-433d-afb0-72e429405b5c","__parent":"DynamicLights","position":[339.336914,477.530518,8.28162384],"flareScale":0.5,"flareType":"vehicleDefaultLightflare","innerAngle":30,"isEnabled":false,"outerAngle":180,"range":0.0500000007,"rotationMatrix":[0.305859268,-0.951989233,-0.0129161673,0.878863513,0.287530184,-0.380690694,0.366127163,0.105086222,0.924612284],"shadowDarkenColor":[0,0,0,0]}
{"class":"SpotLight","persistentId":"9aa22875-6349-493b-a16b-e8930679b710","__parent":"DynamicLights","position":[339.252075,477.540344,7.55790901],"flareScale":0.5,"flareType":"vehicleDefaultLightflare","isEnabled":false,"outerAngle":180,"range":0.0500000007,"rotationMatrix":[0.301142365,-0.95349443,-0.0127172116,0.880276024,0.283096015,-0.380750149,0.366643369,0.103465348,0.924590468],"shadowDarkenColor":[0,0,0,0]}
{"class":"SpotLight","persistentId":"42d851a4-4eb7-4328-b1f1-d29ee4bf3a07","__parent":"DynamicLights","position":[338.722687,478.09198,7.66566753],"flareScale":0.5,"flareType":"vehicleDefaultLightflare","isEnabled":false,"outerAngle":180,"range":0.0500000007,"rotationMatrix":[0.812414229,-0.582074046,-0.0342491269,0.531741381,0.763703287,-0.366071463,0.239236891,0.279190004,0.929956317],"shadowDarkenColor":[0,0,0,0]}
{"class":"SpotLight","persistentId":"4a8ea105-7f7b-40c3-bb97-914285545f59","__parent":"DynamicLights","position":[338.71051,478.080627,8.24428272],"flareScale":0.5,"flareType":"vehicleDefaultLightflare","innerAngle":30,"isEnabled":false,"outerAngle":180,"range":0.0500000007,"rotationMatrix":[0.812414229,-0.582074046,-0.0342491269,0.531741381,0.763703287,-0.366071463,0.239236891,0.279190004,0.929956317],"shadowDarkenColor":[0,0,0,0]}
{"class":"PointLight","persistentId":"3959a78a-68fd-4e3a-81ac-73dfe31b1a7b","__parent":"DynamicLights","position":[361.047028,515.173523,8.48419857],"brightness":1.5,"isEnabled":false,"radius":50,"rotationMatrix":[0.582064331,0.813142836,-3.94720756e-10,-0.813142657,0.582064211,-0.000690532848,-0.00056150154,0.000401934813,0.999999762],"shadowDarkenColor":[0,0,0,0]}
{"name":"SpotLight7","class":"TSStatic","persistentId":"a37df55a-8c31-4bff-aba4-a75d03c74a1d","__parent":"DynamicLights","position":[338.82901,476.907471,-4.04251862],"isRenderEnabled":false,"rotationMatrix":[0.58154875,0.813142836,-0.0244913884,-0.812451601,0.582064152,0.0335245021,0.0415157638,0.000401936384,0.999137819],"shapeName":"/levels/RoadAtlanta/art/TSOs/free/Spotlight.dae"}
{"class":"PointLight","persistentId":"7d3f0a8b-6afd-4b19-9a58-972f790d443a","__parent":"DynamicLights","position":[322.827057,562.770325,6.69889545],"brightness":1.5,"cloneOrigin":"SpotLight5","isEnabled":false,"radius":50,"rotationMatrix":[-0.557299137,-0.830311835,-8.06721634e-10,0.830311596,-0.557298958,-0.000690533954,0.000573358033,-0.000384834624,0.999999762],"shadowDarkenColor":[0,0,0,0]}
{"class":"SpotLight","persistentId":"5501c468-f77d-41e7-9de0-830e26427152","__parent":"DynamicLights","position":[333.029144,574.525513,10.4325237],"cloneOrigin":"SpotLight5","flareScale":0.5,"flareType":"vehicleDefaultLightflare","innerAngle":30,"isEnabled":false,"outerAngle":180,"range":0.0500000007,"rotationMatrix":[-0.991238713,-0.132083043,-3.56594064e-05,0.124064401,-0.930968821,-0.343372971,0.0453205518,-0.340369016,0.93919915],"shadowDarkenColor":[0,0,0,0]}
{"class":"SpotLight","persistentId":"64230be7-2cf5-4f40-983d-9f872c345cc5","__parent":"DynamicLights","position":[333.029144,574.525513,11.0930614],"cloneOrigin":"SpotLight5","flareScale":0.5,"flareType":"vehicleDefaultLightflare","innerAngle":30,"isEnabled":false,"outerAngle":180,"range":0.0500000007,"rotationMatrix":[-0.991238713,-0.132083043,-3.56594064e-05,0.124064401,-0.930968821,-0.343372971,0.0453205518,-0.340369016,0.93919915],"shadowDarkenColor":[0,0,0,0]}
{"class":"SpotLight","persistentId":"fa1607b7-195b-4d85-8c49-c19e2e71fa9f","__parent":"DynamicLights","position":[331.707092,575.421204,11.1551418],"cloneOrigin":"SpotLight5","flareScale":0.5,"flareType":"vehicleDefaultLightflare","innerAngle":30,"isEnabled":false,"outerAngle":180,"range":0.0500000007,"rotationMatrix":[-0.334677488,0.942332745,-3.51890885e-05,-0.885034144,-0.314340234,-0.343372911,-0.32358253,-0.114888005,0.93919915],"shadowDarkenColor":[0,0,0,0]}
{"class":"SpotLight","persistentId":"a7ed561a-4553-401c-83c5-ba1766f13a05","__parent":"DynamicLights","position":[331.761688,575.413025,10.4284954],"cloneOrigin":"SpotLight5","flareScale":0.5,"flareType":"vehicleDefaultLightflare","isEnabled":false,"outerAngle":180,"range":0.0500000007,"rotationMatrix":[-0.330003023,0.943979919,-3.47937457e-05,-0.886580765,-0.309949666,-0.343374193,-0.324149102,-0.113283664,0.939198673],"shadowDarkenColor":[0,0,0,0]}
{"class":"SpotLight","persistentId":"36cb064d-f105-48df-8928-f3af39d1fe40","__parent":"DynamicLights","position":[332.311737,574.877808,10.5138836],"cloneOrigin":"SpotLight5","flareScale":0.5,"flareType":"vehicleDefaultLightflare","isEnabled":false,"outerAngle":180,"range":0.0500000007,"rotationMatrix":[-0.830304742,0.557309747,-3.48128342e-05,-0.52341485,-0.779828191,-0.343372971,-0.191392228,-0.285085976,0.939199209],"shadowDarkenColor":[0,0,0,0]}
