{"name":"Autocross6","class":"BeamNGWaypoint","persistentId":"0544077d-d4f5-4dee-adc8-5516af895ad4","__parent":"MissionGroup","position":[166.578476,219.193436,23.8041649],"directionalWaypoint":true,"drawDebug":true,"hidden":true,"rotationMatrix":[-0.997428417,-0.0716920495,-5.84077497e-09,0.0716914982,-0.997428477,-0.000690534536,4.95035165e-05,-0.000688759552,0.999999762],"scale":[4.89028215,4.89028215,4.89028215]}
{"name":"Busstop_A","class":"BeamNGWaypoint","persistentId":"201515b1-0028-4082-9427-d4a4a6648710","__parent":"MissionGroup","position":[-148.869797,213.58223,30.9996929],"directionalWaypoint":true,"drawDebug":true,"hidden":true,"rotationMatrix":[0.983813941,0.179187074,5.14774001e-10,-0.179187208,0.983814597,-0.000690533663,-0.000123734979,0.000679358025,0.999999762],"scale":[4,4,4]}
{"name":"Autocross1","class":"BeamNGWaypoint","persistentId":"5226e287-5030-434e-979f-184ed2ac364f","__parent":"MissionGroup","position":[133.667831,291.976257,26.2505436],"directionalWaypoint":true,"drawDebug":true,"hidden":true,"rotationMatrix":[0.832345724,0.554257989,3.54702934e-10,-0.554257452,0.832346022,-0.0006905357,-0.000382734346,0.000574763806,0.999999762],"scale":[5,5,5]}
{"name":"Busstop_B","class":"BeamNGWaypoint","persistentId":"6891b135-73fa-469b-9353-11b00e544fd7","__parent":"MissionGroup","position":[-37.3604317,222.806244,29.846117],"directionalWaypoint":true,"drawDebug":true,"hidden":true,"rotationMatrix":[0.841841996,-0.539723516,-1.63981895e-09,0.53972286,0.841842413,-0.000690533023,0.000372698327,0.000581319851,0.999999762],"scale":[4,4,4]}
{"name":"Autocross7","class":"BeamNGWaypoint","persistentId":"7854a00c-dbe4-41f5-9cfa-581f6adc2f0d","__parent":"MissionGroup","position":[90.7534637,226.500778,24.5075779],"directionalWaypoint":true,"drawDebug":true,"hidden":true,"rotationMatrix":[-0.479220539,0.877696097,-4.68844519e-09,-0.877696335,-0.479221225,-0.000690538436,-0.000606081216,-0.000330916606,0.999999762],"scale":[4.89028215,4.89028215,4.89028215]}
{"name":"Sector1Start","class":"BeamNGWaypoint","persistentId":"8ca772e2-cd81-4d76-accf-6e5229288dbb","__parent":"MissionGroup","position":[22.2000103,57.1297417,21.9129581],"directionalWaypoint":true,"drawDebug":true,"hidden":true,"rotationMatrix":[-0.960622787,0.277855128,3.28327587e-10,-0.277854979,-0.960623026,-0.000690532906,-0.000191868021,-0.000663342245,0.999999762],"scale":[5,5,5]}
{"name":"PitEntry","class":"BeamNGWaypoint","persistentId":"a3a595b4-e319-42ad-98fa-623b9eea222c","__parent":"MissionGroup","position":[432.083466,7.14407539,23.629076],"directionalWaypoint":true,"drawDebug":true,"excludeFromMap":true,"hidden":true,"rotationMatrix":[-0.825327814,-0.564653218,-5.82986104e-10,0.564653277,-0.825327575,-0.000690534012,0.000389912107,-0.00056991668,0.999999762],"scale":[3,3,3]}
{"name":"Sector3Start","class":"BeamNGWaypoint","persistentId":"bd8e1bba-4f5b-4715-9609-a75173d307ed","__parent":"MissionGroup","position":[381.107056,143.610107,29.8008194],"directionalWaypoint":true,"drawDebug":true,"hidden":true,"rotationMatrix":[0.404075772,0.9147259,-7.26686267e-10,-0.914725304,0.404075921,-0.000690532848,-0.000631648756,0.000279028143,0.999999762],"scale":[4,4,4]}
{"name":"Autocross2","class":"BeamNGWaypoint","persistentId":"d559e89d-26dc-4eac-9076-ad5fe895626c","__parent":"MissionGroup","position":[252.217117,283.628967,26.2505417],"directionalWaypoint":true,"drawDebug":true,"hidden":true,"rotationMatrix":[-0.950097322,-0.311955273,-1.2014425e-09,0.311954826,-0.950097501,-0.000690533896,0.000215414737,-0.000656076241,0.999999762],"scale":[5,5,5]}
{"name":"Autocross4","class":"BeamNGWaypoint","persistentId":"d7576586-288a-417b-965d-7e09ed836ad5","__parent":"MissionGroup","position":[287.929779,228.327087,24.4523144],"directionalWaypoint":true,"drawDebug":true,"hidden":true,"rotationMatrix":[0.631421328,-0.775441229,-1.39516487e-09,0.775440991,0.631421566,-0.0006905357,0.000535471539,0.000436017348,0.999999762],"scale":[5,5,5]}
{"name":"Autocross3","class":"BeamNGWaypoint","persistentId":"e01e0b21-5e46-42e9-8c09-71088bc89c6f","__parent":"MissionGroup","position":[209.755493,214.660217,24.2418156],"directionalWaypoint":true,"drawDebug":true,"hidden":true,"rotationMatrix":[0.992717385,-0.120473452,-8.12178769e-10,0.120473653,0.992717803,-0.000690536748,8.31930593e-05,0.000685507141,0.999999762],"scale":[5,5,5]}
{"name":"Autocross5","class":"BeamNGWaypoint","persistentId":"ea353ed5-1421-4c44-98ac-674a29b449fb","__parent":"MissionGroup","position":[259.899597,187.219757,24.4558334],"directionalWaypoint":true,"drawDebug":true,"hidden":true,"rotationMatrix":[-0.899742544,0.436424941,-5.68979885e-09,-0.436425209,-0.899742723,-0.000690536748,-0.000301369,-0.000621302926,0.999999762],"scale":[7.36745644,7.36745644,7.36745644]}
{"name":"Sector2Start","class":"BeamNGWaypoint","persistentId":"f043defc-dc2f-4ac2-9d35-c518c2f52fb8","__parent":"MissionGroup","position":[-357.68277,159.817505,30.9997044],"directionalWaypoint":true,"drawDebug":true,"hidden":true,"rotationMatrix":[0.981533408,-0.191287205,2.72848411e-12,0.191286683,0.981533885,-0.000690533954,0.000132090325,0.000677783275,0.999999762],"scale":[4,4,4]}
{"class":"DecalRoad","persistentId":"02e7c086-d9f9-4941-90eb-f3fdd1325904","__parent":"MissionGroup","position":[464.931061,206.772461,37.3256493],"improvedSpline":true,"material":"road_dirt_tracks_wet","nodes":[[464.931061,206.772461,37.3256493,5],[474.672424,201.829193,37.8786812,5],[483.61557,195.649536,38.2924309,5],[492.257233,188.202789,38.531601,5],[499.12616,179.910004,38.4951591,5]],"startEndFade":[100,100],"textureLength":40}
{"class":"DecalRoad","persistentId":"1da83b04-0497-4d7b-abbf-60862b0799a9","__parent":"MissionGroup","position":[-338.221558,67.9778519,22.1806545],"improvedSpline":true,"material":"road_dirt_tracks_wet","nodes":[[-338.221558,67.9778519,22.1806545,5],[-304.421936,75.1598053,21.7591,5],[-270.2677,82.9196091,21.5605984,5]],"startEndFade":[100,100],"textureLength":40}
{"class":"DecalRoad","persistentId":"27891bc3-c3d7-459a-b57c-a2d7ef1deced","__parent":"MissionGroup","position":[-270.092255,153.237686,32.9075127],"improvedSpline":true,"material":"road_dirt_tracks_wet","nodes":[[-270.092255,153.237686,32.9075127,5],[-257.048248,155.27063,32.4858971,5],[-237.019928,160.880478,31.6108818,5],[-227.354385,163.584198,31.3174419,5]],"startEndFade":[100,100],"textureLength":40}
{"class":"DecalRoad","persistentId":"2d19b3ba-9f7e-46f8-bf23-3ed3a0cb1563","__parent":"MissionGroup","position":[-387.236389,166.008652,30.1217728],"improvedSpline":true,"material":"road_dirt_tracks_wet","nodes":[[-387.236389,166.008652,30.1217728,5],[-372.840149,158.05603,30.3709984,5],[-361.617615,149.27681,30.530098,5],[-353.909515,141.0625,30.8719463,5],[-348.548615,133.185043,31.8049793,5]],"startEndFade":[100,100],"textureLength":40}
{"class":"DecalRoad","persistentId":"3b1da295-273a-4a50-9313-1ceb607e9f79","__parent":"MissionGroup","position":[350.315735,72.1756287,25.2356701],"improvedSpline":true,"material":"road_dirt_tracks_wet","nodes":[[350.315735,72.1756287,25.2356701,4],[359.830811,84.9168243,26.2050571,4],[369.078979,101.528336,27.2174034,4],[377.032043,118.521965,28.186245,4],[384.768951,138.058731,29.2129345,4],[390.904114,157.302292,30.2751522,4]],"startEndFade":[100,100],"textureLength":40}
{"class":"DecalRoad","persistentId":"473d8a02-053c-4b17-8bbd-8bbce114554c","__parent":"MissionGroup","position":[299.875305,49.3271866,21.7606888],"improvedSpline":true,"material":"DirtRoad_variation_01","nodes":[[299.875305,49.3271866,21.7606888,4],[325.149963,52.0234604,23.2957401,4],[338.462677,55.5196533,24.1596909,4],[347.809143,60.6668243,24.6506958,4],[357.948792,69.9640656,25.5258389,4],[362.695709,76.2813187,25.8842869,4]],"startEndFade":[5,40],"textureLength":40}
{"class":"DecalRoad","persistentId":"4bf76647-e163-4358-8d95-2934777e8a5f","__parent":"MissionGroup","position":[510.070923,143.803253,37.1171455],"improvedSpline":true,"material":"road_dirt_tracks_wet","nodes":[[510.070923,143.803253,37.1171455,5],[509.870178,131.590393,36.3705788,5],[507.057373,115.990715,34.9830627,5],[500.743805,97.8760529,32.7479782,5],[491.691956,78.9472961,30.2881298,5],[483.482178,62.1420135,28.5004311,5]],"startEndFade":[150,150],"textureLength":40}
{"class":"DecalRoad","persistentId":"54d880ea-5085-446d-a2ac-545f1f1a33c7","__parent":"MissionGroup","position":[347.336792,171.906937,27.7547607],"improvedSpline":true,"material":"road_dirt_tracks_wet","nodes":[[347.336792,171.906937,27.7547607,6],[344.450867,159.724304,27.7637482,6],[338.283783,137.543961,27.4140167,6],[330.258881,116.799171,26.9857197,6],[320.923309,101.841293,26.402174,6],[311.498413,96.1265945,25.8788319,6]],"startEndFade":[150,150],"textureLength":40}
{"class":"DecalRoad","persistentId":"5550b0ce-5325-459e-bc6d-bbe45ed58e03","__parent":"MissionGroup","position":[-199.231323,98.3297882,21.4951382],"improvedSpline":true,"material":"road_dirt_tracks_wet","nodes":[[-199.231323,98.3297882,21.4951382,5],[-229.369156,92.8403015,21.4756508,5],[-253.583389,87.6766968,21.5390701,5],[-278.617615,81.5986176,21.5879478,5]],"startEndFade":[100,100],"textureLength":40}
{"class":"DecalRoad","persistentId":"634419bf-5f7e-420f-a61f-b661a83295e8","__parent":"MissionGroup","position":[-380.703003,163.844711,30.2424335],"improvedSpline":true,"material":"road_dirt_tracks_wet","nodes":[[-380.703003,163.844711,30.2424335,5],[-363.021912,155.797913,30.6549244,5],[-349.44989,146.574875,30.9579639,5],[-339.300446,137.666733,31.6843243,5],[-333.32312,131.059235,32.5985374,5]],"startEndFade":[100,100],"textureLength":40}
{"class":"DecalRoad","persistentId":"7f71d573-dd7f-4e5e-9841-9e370958dfb1","__parent":"MissionGroup","position":[333.298157,122.906761,27.1113567],"improvedSpline":true,"material":"road_dirt_tracks_wet","nodes":[[333.298157,122.906761,27.1113567,6],[325.461578,110.075333,26.7868118,6],[315.988983,100.028809,26.1670246,6],[299.886902,92.4433594,25.4311886,6],[275.324829,89.1555786,24.2596111,6],[249.746216,89.1533508,23.0299397,6],[235.204529,90.9043579,22.7625713,6]],"startEndFade":[150,150],"textureLength":40}
{"class":"DecalRoad","persistentId":"853230b7-b07e-4606-9121-263d5ecce712","__parent":"MissionGroup","position":[-453.034058,45.7566681,27.7036724],"improvedSpline":true,"material":"road_dirt_tracks_wet","nodes":[[-453.034058,45.7566681,27.7036724,5],[-461.75943,50.9529266,27.7964935,5],[-465.719543,59.2128258,27.6734619,5],[-462.921936,74.4238434,26.5666847,5],[-461.999329,84.3659058,26.0564651,5]],"startEndFade":[100,100],"textureLength":40}
{"class":"DecalRoad","persistentId":"90aa32d2-3b60-457d-a87f-18f990bc1236","__parent":"MissionGroup","position":[328.367218,58.6682968,23.5900555],"improvedSpline":true,"material":"DirtRoad_variation_01","nodes":[[328.367218,58.6682968,23.5900555,4],[337.57132,58.2422028,24.3190689,4],[350.95575,56.7849274,24.6389618,4],[358.545166,54.1491203,24.8770199,4]],"startEndFade":[5,40],"textureLength":40}
{"class":"DecalRoad","persistentId":"a6bdaacf-803f-4fc5-a12a-e46afa9ccb16","__parent":"MissionGroup","position":[331.053894,54.9832382,23.7968273],"improvedSpline":true,"material":"DirtRoad_variation_01","nodes":[[331.053894,54.9832382,23.7968273,4],[338.531403,58.6945763,24.3739758,4],[348.838501,65.2240906,24.8881416,4],[358.234863,73.4089661,25.6238976,4],[366.925476,85.2842407,26.4554996,4],[372.913574,100.087677,27.2920628,4]],"startEndFade":[5,40],"textureLength":40}
{"class":"DecalRoad","persistentId":"a9bc0862-2219-4c68-ac05-fdbfc42420e0","__parent":"MissionGroup","position":[-465.527893,71.3094025,26.9520187],"improvedSpline":true,"material":"road_dirt_tracks_wet","nodes":[[-465.527893,71.3094025,26.9520187,5],[-468.841644,81.8833313,26.4546375,5],[-470.413513,95.8602066,25.9256706,5],[-468.240173,110.32328,25.7596035,5]],"startEndFade":[100,100],"textureLength":40}
{"class":"DecalRoad","persistentId":"b0d40978-32ae-4124-bdaf-0fdb08f8a8de","__parent":"MissionGroup","position":[-431.922058,45.2575722,26.9608727],"improvedSpline":true,"material":"road_dirt_tracks_wet","nodes":[[-431.922058,45.2575722,26.9608727,5],[-457.182495,45.4548035,27.7862015,5],[-470.493408,46.253479,28.0617466,5]],"startEndFade":[100,100],"textureLength":40}
{"class":"DecalRoad","persistentId":"c4150d19-8d35-488f-808a-965e02cb70ae","__parent":"MissionGroup","position":[283.094788,92.22715,24.2909412],"improvedSpline":true,"material":"road_dirt_tracks_wet","nodes":[[283.094788,92.22715,24.2909412,6],[265.219727,95.0680542,22.7654533,6],[245.543396,94.7995453,22.4426765,6],[229.964569,94.3169861,22.4823704,6],[220.242828,98.4423599,22.3665047,6]],"startEndFade":[150,40],"textureLength":40}
{"class":"DecalRoad","persistentId":"c4c1a17f-e1fa-47f2-a880-4340de0ca8ce","__parent":"MissionGroup","position":[330.862762,120.697449,26.990942],"improvedSpline":true,"material":"road_dirt_tracks_wet","nodes":[[330.862762,120.697449,26.990942,6],[319.66626,107.295685,26.2455406,6],[303.8508,98.6625214,24.9262199,6],[286.835938,95.5271149,23.8872795,6],[272.710175,98.389328,22.7200356,6],[266.193542,106.335686,22.0929585,6]],"startEndFade":[150,40],"textureLength":40}
{"class":"DecalRoad","persistentId":"cdb201fe-3157-4a2b-889e-956e9db48372","__parent":"MissionGroup","position":[471.631836,40.8421249,26.5666027],"drivability":1,"material":"DefaultDecalRoadMaterial","nodes":[[471.631836,40.8421249,26.5666027,8],[462.48526,32.8590012,25.7515221,4],[453.814941,25.3304482,24.9339123,3],[447.191437,19.1992702,24.4926834,3],[438.789276,12.2947559,23.9802895,3],[432.503052,7.57380056,23.5818653,3],[426.387177,3.4870944,23.2279453,3],[418.710968,-0.810294926,22.8868904,3],[410.330902,-4.60781384,22.5971832,3],[402.541595,-7.20096731,22.3630352,3],[394.370941,-9.42886734,22.1626053,3],[385.302368,-10.9546242,21.9649029,3],[375.368225,-11.8313713,21.7914639,3],[366.048187,-12.0174856,21.6587791,3],[358.052856,-11.7206612,21.5704288,3],[347.911987,-10.4041519,21.4014988,3],[336.738159,-8.17185211,21.2437,3],[321.273224,-4.80665064,21.1467648,3],[301.379883,-0.430096626,21.0261707,3],[283.308929,3.62381744,21.0012589,3],[264.58667,7.98062134,20.928915,3],[244.102325,13.2754326,20.9360847,3],[225.107483,18.5578365,20.9267616,3],[202.087723,25.3892708,20.9902859,3],[177.892212,32.5572433,21.0004978,3],[154.805862,39.4645004,21.052433,3],[139.614639,43.9096298,21.1670609,3],[132.043915,44.5394592,21.1614227,3],[123.745285,42.3335686,21.0722008,3],[116.905159,41.5475235,21.1008396,3],[107.227097,41.8037643,21.2692394,3],[99.8569717,42.3958206,21.3632851,3],[94.0981445,43.6118889,21.4151745,3],[81.2035904,47.4533424,21.4977665,3],[52.2209854,55.9470177,21.6514931,3],[27.2835026,63.2117157,21.6725979,3.5],[-35.5461235,73.9847717,21.1605968,11]]}
{"class":"DecalRoad","persistentId":"d26fd9b2-f3fc-431e-aaa6-a6f422b61fa8","__parent":"MissionGroup","position":[-438.185577,48.7091866,27.2017784],"improvedSpline":true,"material":"road_dirt_tracks_wet","nodes":[[-438.185577,48.7091866,27.2017784,5],[-447.514252,52.773365,27.4570293,5],[-458.348083,59.3657303,27.4277687,5],[-468.35025,68.2006836,27.3444309,5],[-476.076294,76.1368637,27.194725,5]],"startEndFade":[100,100],"textureLength":40}
{"class":"DecalRoad","persistentId":"da1688f1-d86a-4b3e-8f1b-889ed5341b95","__parent":"MissionGroup","position":[125.314163,26.7855225,21.1015568],"detail":1,"drivability":1,"improvedSpline":true,"lanesRight":0,"material":"DefaultDecalRoadMaterial","nodes":[[125.314163,26.7855225,21.1015568,11],[21.2777882,57.1535339,21.5281734,10],[-36.3092384,74.2270966,21.1590176,10],[-79.2623901,86.4621353,21.0530949,9],[-102.615829,92.5366516,21.137188,9],[-122.456764,96.852829,21.1614571,9],[-137.812592,99.351593,21.1606045,9],[-152.92244,100.405716,21.1771278,9],[-166.743225,100.123978,21.2350616,9],[-181.033264,98.3222046,21.2696648,9],[-193.244034,96.2180176,21.2693119,9],[-214.159164,91.4038467,21.2803135,8],[-252.692047,81.4163971,21.4201832,8],[-302.999207,68.4111481,21.7844009,8],[-343.809296,58.1981964,22.4476948,8],[-371.193298,51.4504585,23.3011169,8],[-389.095947,47.0800819,24.3777199,8],[-401.64563,44.8878937,25.2182522,8],[-411.953949,44.4490662,25.8586674,8],[-420.25412,45.2600746,26.2738934,8],[-429.38446,47.8872147,26.6720791,8],[-437.917419,51.8885918,26.9978714,8],[-444.908936,56.988636,27.1206436,8],[-450.142639,62.7327957,26.9840832,8],[-454.829865,69.9943008,26.6561108,8],[-458.964417,79.322403,26.180685,8],[-461.587982,88.2511749,25.8394356,8],[-463.279663,96.2244339,25.6908321,8],[-464.177338,106.183342,25.5996304,8],[-464.200806,114.982193,25.6680088,8],[-463.10022,124.270172,25.8775959,8],[-460.892517,132.86676,26.2081375,8],[-457.785126,140.250092,26.6249352,8],[-454.466522,145.60379,26.993576,8],[-449.283264,151.731461,27.517313,8],[-444.404907,156.446899,27.9719124,8],[-438.444763,160.857117,28.4741898,8],[-432.818115,163.879501,28.8746014,8],[-427.196075,165.695267,29.1828842,8],[-421.629547,166.737076,29.4340305,8],[-415.860748,166.93454,29.6073875,8],[-409.630554,166.749863,29.7434139,8],[-401.942596,166.304932,29.888958,8],[-387.885956,164.596725,30.1119614,8],[-374.915161,162.672119,30.379858,8],[-349.586212,158.2314,31.2006989,8],[-323.279968,153.497238,32.1982002,8],[-311.322113,151.679581,32.6146011,8],[-302.364105,150.467422,32.871376,8],[-292.471985,149.718704,33.0699654,8],[-283.39032,149.544678,33.163662,8],[-273.155884,149.920105,33.1188202,8],[-264.606018,150.81398,32.9475937,8],[-255.026245,152.408279,32.5585136,8],[-244.632141,154.943436,32.0384178,8],[-235.134354,157.946075,31.6279678,8],[-225.031311,161.700439,31.2576618,8],[-212.660507,166.922577,30.9671364,8],[-195.932861,174.514038,30.785141,8],[-180.436432,181.894302,30.630928,8],[-169.400467,187.027634,30.573452,8],[-156.81871,192.195755,30.5529938,8],[-147.016846,195.858185,30.5192757,8],[-138.033813,198.638992,30.4300289,8],[-120.027718,203.055984,30.0470791,8],[-105.950409,206.056793,29.7119808,8],[-92.7342682,207.90387,29.3987999,8],[-78.1126785,209.211761,29.1204758,8],[-65.12117,209.941528,29.0393925,8],[-50.1663704,209.818558,29.0406456,8],[-39.6735764,208.923416,29.058033,8],[-29.6637459,207.344528,29.0125751,8],[-18.5320549,204.615707,28.8213043,8],[-5.71474648,200.094284,28.4280949,8],[4.50258017,195.686127,28.0426178,8],[13.3860416,190.909119,27.680233,8],[23.2735786,184.843246,27.2588234,8],[32.9023895,178.507874,26.920763,8.30000019],[44.0316582,170.083145,26.5675488,8.30000019],[57.3156815,159.070023,26.2915802,8.19999981],[81.3870697,138.464966,25.936058,8],[96.3045502,125.446205,25.6912117,8.5],[110.309685,113.900772,25.2434959,8.5],[118.92881,107.689392,24.846159,9],[128.119415,101.487297,24.2986698,9],[139.753128,94.4208984,23.4618664,9],[152.518784,87.2503052,22.5316658,8.5],[163.539627,82.2260666,21.8497353,8.5],[175.488205,77.8627319,21.4035206,8.5],[191.842499,73.0346909,21.1275177,8.5],[212.654449,67.3680191,20.987442,8.39999962],[241.456955,59.7443657,21.0076828,8.30000019],[264.79184,53.7238007,21.1156826,8.19999981],[276.172607,51.4975815,21.2334862,8],[286.42392,50.3129501,21.3782043,8],[297.659576,50.0005341,21.6646671,8],[307.325439,50.8503342,22.0726433,8],[318.229736,53.6389275,22.7318668,8],[327.579193,58.0149918,23.5140305,8],[337.529572,65.6455383,24.4925251,8],[345.192566,73.7172623,25.1359062,8],[355.86084,88.3653412,26.2242622,8],[363.4086,101.777863,27.1356373,8],[371.752533,120.087006,28.2845402,8],[380.903442,143.26651,29.6530113,8],[387.999237,160.404831,30.5190525,8],[392.385925,169.659897,30.9827137,8],[400.811707,183.594925,31.6702023,8],[408.69577,192.687119,32.274826,8],[417.002075,199.628021,32.9977875,8],[423.608459,203.979187,33.6680641,7],[430.077789,207.391708,34.3901978,7],[437.3508,210.243103,35.25354,7],[444.835358,211.569901,36.0011749,7],[451.841553,211.421478,36.5490036,7],[459.321838,210.331818,37.0483513,7],[465.412933,208.70079,37.4330521,7],[470.988586,206.482834,37.7654037,7],[476.445404,203.735092,38.0627098,7],[483.02005,199.599701,38.3821068,7],[488.865845,195.374695,38.6066742,7],[494.292328,189.885208,38.7067528,7],[498.594788,184.414505,38.6647453,7],[501.681061,178.959656,38.5353279,7],[503.910004,173.439331,38.376812,7],[505.852356,166.924103,38.1426086,7],[507.124603,157.788193,37.7016182,7],[507.854584,149.82045,37.3197327,7],[507.846313,142.305695,36.9218254,7],[506.832336,133.919098,36.335228,7],[505.17923,125.648407,35.627079,7],[502.87619,116.751045,34.7669716,8],[500.161285,108.692299,33.8426666,8],[496.529694,99.7549438,32.684906,8],[491.726746,87.8769302,31.1567631,8],[485.050812,72.1004562,29.3538303,8],[478.631287,57.2150536,27.8871288,8],[471.184387,41.1282578,26.5596943,8],[465.637726,29.4799328,25.7933216,8],[459.854218,18.967165,25.0843086,8],[454.638428,10.3507862,24.4961872,8],[449.498413,2.53150988,23.972147,8],[444.050903,-4.29779816,23.5178833,8],[439.101807,-9.61284161,23.201067,8],[433.737976,-14.070879,22.9539585,8],[428.115021,-17.8951855,22.7456093,8],[416.084686,-24.5526295,22.3850594,9],[404.265381,-29.7102375,22.130909,10],[390.707245,-33.556324,21.9098434,9],[376.884705,-35.0988884,21.6951561,8],[363.936737,-35.1547928,21.5291843,9],[350.439819,-33.834671,21.360321,9],[327.858826,-30.1815186,21.129673,11],[308.233765,-25.8617668,20.9935017,11],[286.758301,-20.6908493,20.9269733,12],[268.386444,-15.920228,20.9277344,12],[247.265152,-9.86189842,20.9200459,12],[210.073776,1.31388402,20.925333,11],[184.235107,8.93715191,20.9044628,11],[160.608826,16.0170822,20.9586868,11],[125.400154,26.6437283,21.097353,11]],"oneWay":true}
{"class":"DecalRoad","persistentId":"dbe44c70-256d-4831-aabc-6e3fc9c7d1e1","__parent":"MissionGroup","position":[-325.220978,75.7218552,21.8757248],"improvedSpline":true,"material":"road_dirt_tracks_wet","nodes":[[-325.220978,75.7218552,21.8757248,5],[-303.911896,80.7618713,21.7474365,5],[-279.007874,85.5749283,21.5203171,5]],"startEndFade":[100,100],"textureLength":40}
{"class":"DecalRoad","persistentId":"dfecd682-9ab4-4079-bbe0-dfef3298eca0","__parent":"MissionGroup","position":[-413.472687,170.312698,29.8560505],"improvedSpline":true,"material":"road_dirt_tracks_wet","nodes":[[-413.472687,170.312698,29.8560505,5],[-400.973724,170.672699,29.9807682,5],[-386.057404,169.635803,30.1136932,5],[-369.279755,166.376221,30.5069199,5],[-355.29068,161.315201,30.949192,5]],"startEndFade":[100,100],"textureLength":40}
{"class":"DecalRoad","persistentId":"e3dfe4bd-8419-4527-849b-3d4207038a25","__parent":"MissionGroup","position":[-478.210724,53.3450241,26.3663692],"improvedSpline":true,"material":"road_dirt_tracks_wet","nodes":[[-478.210724,53.3450241,26.3663692,4],[-462.634918,49.6262131,27.836544,4],[-452.25116,48.2340546,27.6644726,4],[-439.884186,46.9016495,27.331171,4]],"startEndFade":[100,100],"textureLength":40}
{"class":"DecalRoad","persistentId":"e800b0e4-6691-496a-a054-21501f10bcba","__parent":"MissionGroup","position":[432.028931,206.469864,34.4819412],"improvedSpline":true,"material":"road_dirt_tracks_wet","nodes":[[432.028931,206.469864,34.4819412,5],[438.930725,208.043365,35.2153358,5],[448.881775,208.71402,36.1360283,5],[457.120514,207.666428,36.7533493,5],[468.889008,204.870789,37.5528488,5]],"startEndFade":[50,50],"textureLength":40}
{"class":"DecalRoad","persistentId":"f0cf53eb-4f3c-4072-84ed-1fb4c9287212","__parent":"MissionGroup","position":[-475.178009,68.6290436,27.576273],"improvedSpline":true,"material":"road_dirt_tracks_wet","nodes":[[-475.178009,68.6290436,27.576273,4],[-469.490967,61.9916,27.6783733,4],[-460.613129,55.2418976,27.6731319,4],[-449.671417,49.9602165,27.5848656,4],[-434.5802,45.7945633,27.0897541,4],[-422.157471,44.2906799,26.4431305,4]],"startEndFade":[100,100],"textureLength":40}
{"class":"Prefab","persistentId":"48aa4b6c-57c3-47a6-a46e-df4b4add6584","__parent":"MissionGroup","fileName":"/levels/lakeside/art/prefabs/gazebo_black.prefab"}
{"class":"Prefab","persistentId":"53f4cd4a-55e7-47d2-b92a-70c30720cabe","__parent":"MissionGroup","fileName":"/levels/lakeside/art/prefabs/toilet.prefab"}
{"class":"Prefab","persistentId":"7106baeb-e16f-4bb5-9213-87db15eabf2c","__parent":"MissionGroup","fileName":"/levels/lakeside/art/prefabs/shelter1.prefab"}
{"class":"Prefab","persistentId":"9a4ac619-d48c-4aa3-a570-a0d9d31d45cc","__parent":"MissionGroup","fileName":"/levels/lakeside/art/prefabs/gazebo_blue.prefab"}
{"class":"Prefab","persistentId":"d2946884-599e-41f2-96e5-a117fc74700e","__parent":"MissionGroup","fileName":"/levels/lakeside/art/prefabs/gazebo_white.prefab"}
{"class":"Prefab","persistentId":"fa5c0836-8d4f-4be2-b968-fe8cedc5919f","__parent":"MissionGroup","fileName":"/levels/lakeside/art/prefabs/gazebo_striped_blue.prefab"}
{"name":"sky_and_sun","class":"SimGroup","persistentId":"0669a3fa-3ff5-44d8-a530-cfdfcceb94e4","__parent":"MissionGroup"}
{"name":"vegetation","class":"SimGroup","persistentId":"1a572205-83c5-43be-9fa1-b06614e2e87d","__parent":"MissionGroup"}
{"name":"Water","class":"SimGroup","persistentId":"2386040f-0ebd-404f-bc81-c70e8ec5ccbd","__parent":"MissionGroup"}
{"name":"PlayerDropPoints","class":"SimGroup","persistentId":"2ef581c0-34b4-4a3b-a642-ed566378b9b3","__parent":"MissionGroup","enabled":"1"}
{"name":"AIDecalWaypointsGroup","class":"SimGroup","persistentId":"31a0389b-3271-4e5a-b687-bdd3a145dfc5","__parent":"MissionGroup"}
{"name":"CameraBookmarks","class":"SimGroup","persistentId":"40a7bd5e-ca4c-4b1f-94c7-3953a9fd239d","__parent":"MissionGroup"}
{"name":"AIWaypointsGroup","class":"SimGroup","persistentId":"4f767ff8-4d27-4701-9887-2bb7ba56406a","__parent":"MissionGroup"}
{"name":"Sky","class":"SimGroup","persistentId":"6382b1b1-b1ee-4d76-831a-3aaea40cd302","__parent":"MissionGroup"}
{"class":"TSStatic","persistentId":"0bd089d2-fc5a-4f2e-b011-53e76338c0a6","__parent":"MissionGroup","isRenderEnabled":false,"shapeName":"/levels/lakeside/art/shapes/mockup/objects_intangible.dae"}
{"class":"TSStatic","persistentId":"128e829a-4ab1-44e5-a4f8-8f4ea76f8afd","__parent":"MissionGroup","position":[-49.2134705,27.2673111,20.6898975],"isRenderEnabled":false,"rotationMatrix":[0.226273775,0.974058092,0.00315506523,-0.973963499,0.226295784,-0.0135805309,-0.0139422044,0,0.999902785],"shapeName":"/levels/lakeside/art/shapes/objects/container_01_a.dae"}
{"class":"TSStatic","persistentId":"1f440712-2e55-4352-ac6e-d7b98c8e5e17","__parent":"MissionGroup","position":[-46.1019249,251.810928,33.2173576],"isRenderEnabled":false,"rotationMatrix":[0.996848881,0.0793241709,0,-0.0793241709,0.996848881,0,0,0,1],"shapeName":"/levels/lakeside/art/shapes/buildings/house2.dae"}
{"class":"TSStatic","persistentId":"2f497b08-1951-443b-b1dc-6024fa718bdd","__parent":"MissionGroup","position":[178.734604,47.3953705,20.9286537],"isRenderEnabled":false,"rotationMatrix":[0.964801073,-0.262980878,0,0.262980878,0.964801073,0,0,0,1],"shapeName":"/levels/lakeside/art/shapes/buildings/office4.dae"}
{"class":"TSStatic","persistentId":"3a998fa7-4328-4ea8-b661-83262692ac64","__parent":"MissionGroup","position":[31.8263569,44.8801498,26.5854073],"rotationMatrix":[0.722437799,0.691436231,0,-0.691436231,0.722437799,0,0,0,1],"scale":[0.5,0.5,0.5],"shapeName":"/levels/lakeside/art/shapes/objects/flag_shannons.dae","useInstanceRenderData":true}
{"class":"TSStatic","persistentId":"459f3392-226a-44e9-b4ad-fcf69d28870a","__parent":"MissionGroup","position":[43.9679222,251.523987,26.5904999],"isRenderEnabled":false,"rotationMatrix":[-0.0697566271,-0.997564077,0,0.997564077,-0.0697566271,0,0,0,1],"shapeName":"/levels/lakeside/art/shapes/buildings/office2.dae"}
{"class":"TSStatic","persistentId":"4a9be5e8-9d57-460b-896f-9a4109fcbe28","__parent":"MissionGroup","position":[-13.1289139,32.4859085,21.6277008],"isRenderEnabled":false,"rotationMatrix":[0.962692201,-0.270598769,0,0.270598769,0.962692201,0,0,0,1],"shapeName":"/levels/lakeside/art/shapes/buildings/house1.dae"}
{"class":"TSStatic","persistentId":"4de64a3d-e08f-4d79-8bba-bbaa3197e8a6","__parent":"MissionGroup","position":[15.8418999,81.0554962,22.4416008],"isRenderEnabled":false,"rotationMatrix":[0.958819211,-0.284017056,0,0.284017056,0.958819211,0,0,0,1],"shapeName":"/levels/lakeside/art/shapes/buildings/office.dae"}
{"class":"TSStatic","persistentId":"6b566a0c-2f0e-43d5-83b3-f4d21ef52685","__parent":"MissionGroup","isRenderEnabled":false,"shapeName":"/levels/lakeside/art/terrain/backdrop_mountains.dae"}
{"class":"TSStatic","persistentId":"6ea3d249-5142-489a-b551-e425fb84bb3e","__parent":"MissionGroup","position":[12.975668,71.6945801,20.8647823],"isRenderEnabled":false,"rotationMatrix":[0.954074562,-0.299569488,0,0.299569488,0.954074562,0,0,0,1],"shapeName":"/levels/lakeside/art/shapes/buildings/marshal_tower.dae"}
{"class":"TSStatic","persistentId":"75ed36f0-27a3-4d46-9844-d442ca5cfc42","__parent":"MissionGroup","position":[-92.8867416,155.523651,24.1264992],"isRenderEnabled":false,"rotationMatrix":[0.964240313,-0.26502943,0,0.26502943,0.964240313,0,0,0,1],"shapeName":"/levels/lakeside/art/shapes/buildings/museum_cafe.dae"}
{"class":"TSStatic","persistentId":"79655638-6bea-4219-9c91-38f9a534bb4b","__parent":"MissionGroup","position":[252.44902,-20.4274044,25.126585],"rotationMatrix":[0.812627435,0.582783759,0,-0.582783759,0.812627435,0,0,0,1],"scale":[0.5,0.5,0.5],"shapeName":"/levels/lakeside/art/shapes/objects/flag_aus.dae","useInstanceRenderData":true}
{"class":"TSStatic","persistentId":"89a99d09-9c1b-4e38-b2f3-08928b886aa2","__parent":"MissionGroup","position":[-20.9941006,89.6447983,21.5163994],"isRenderEnabled":false,"rotationMatrix":[0.958819211,-0.284017056,0,0.284017056,0.958819211,0,0,0,1],"shapeName":"/levels/lakeside/art/shapes/buildings/office3.dae"}
{"class":"TSStatic","persistentId":"8d8dfd99-823a-46cb-84a7-409ed3dd7935","__parent":"MissionGroup","position":[30.4793205,93.2686005,22.5534496],"isRenderEnabled":false,"rotationMatrix":[0.966361225,-0.257188529,0,0.257188529,0.966361225,0,0,0,1],"shapeName":"/levels/lakeside/art/shapes/buildings/office4.dae"}
{"class":"TSStatic","persistentId":"938708f1-b6f9-47ae-8360-f3038b719678","__parent":"MissionGroup","position":[-112.084595,63.1378632,23.9218006],"isRenderEnabled":false,"rotationMatrix":[0.979831457,-0.199826166,0,0.199826166,0.979831457,0,0,0,1],"shapeName":"/levels/lakeside/art/shapes/buildings/bridge_segment.dae"}
{"class":"TSStatic","persistentId":"963c5434-34b8-47ff-bd6d-2e52e758942b","__parent":"MissionGroup","position":[207.663574,-6.86640644,25.1180992],"rotationMatrix":[0.622166514,0.782884717,0,-0.782884717,0.622166514,0,0,0,1],"scale":[0.5,0.5,0.5],"shapeName":"/levels/lakeside/art/shapes/objects/flag_QR.dae","useInstanceRenderData":true}
{"class":"TSStatic","persistentId":"9d87877e-f3c0-43f2-a26b-f310a7890a25","__parent":"MissionGroup","position":[128.842438,-20.5989323,21.3358746],"isRenderEnabled":false,"rotationMatrix":[0.225428686,0.974255323,-0.00307802414,-0.974164486,0.225449696,0.0133013315,0.0136528313,2.32830644e-10,0.999906838],"shapeName":"/levels/lakeside/art/shapes/objects/container_01_b.dae"}
{"class":"TSStatic","persistentId":"a4fe59c3-2f1e-4c4d-b5a8-c623943cf461","__parent":"MissionGroup","position":[-77.3296204,54.4016647,24.1413994],"isRenderEnabled":false,"rotationMatrix":[-0.96126163,0.275637537,0,-0.275637537,-0.96126163,0,0,0,1],"shapeName":"/levels/lakeside/art/shapes/buildings/bridge_segment.dae"}
{"class":"TSStatic","persistentId":"a7989d38-206d-4c3e-953b-b83a9d31f0e9","__parent":"MissionGroup","position":[434.516998,152.238998,33.7999992],"isRenderEnabled":false,"rotationMatrix":[0.714472651,-0.699663401,0,0.699663401,0.714472651,0,0,0,1],"shapeName":"/levels/lakeside/art/shapes/buildings/shack.dae"}
{"class":"TSStatic","persistentId":"ad0f9583-e5a9-4214-b6dc-21948b664178","__parent":"MissionGroup","position":[230.596298,-13.4419508,25.556736],"rotationMatrix":[0.489021242,0.872272253,0,-0.872272253,0.489021242,0,0,0,1],"scale":[0.5,0.5,0.5],"shapeName":"/levels/lakeside/art/shapes/objects/flag_lakeside.dae","useInstanceRenderData":true}
{"class":"TSStatic","persistentId":"bbb13bfb-f951-472f-b4c7-31a5b4c21c37","__parent":"MissionGroup","position":[-44.6364746,44.59795,23.8633995],"isRenderEnabled":false,"rotationMatrix":[0.962692201,-0.270598769,0,0.270598769,0.962692201,0,0,0,1],"shapeName":"/levels/lakeside/art/shapes/buildings/bridge_segment.dae"}
{"class":"TSStatic","persistentId":"cbc4ce8a-9a54-4628-9c75-101c1ba39b91","__parent":"MissionGroup","isRenderEnabled":false,"shapeName":"/levels/lakeside/art/shapes/mockup/track_rubber.dae"}
{"class":"TSStatic","persistentId":"cfe339cd-a11e-4f37-bb29-00249d7174d8","__parent":"MissionGroup","collisionType":"Visible Mesh Final","decalType":"Visible Mesh","isRenderEnabled":false,"shapeName":"/levels/lakeside/art/shapes/mockup/meshroads.dae"}
{"class":"TSStatic","persistentId":"d2bf27fe-476c-46f9-83c1-eb2f386fb7d3","__parent":"MissionGroup","position":[-286.026886,133.766571,36.2027016],"isRenderEnabled":false,"rotationMatrix":[0.953716934,0.30070585,0,-0.30070585,0.953716934,0,0,0,1],"shapeName":"/levels/lakeside/art/shapes/buildings/marshal_platform1.dae"}
{"class":"TSStatic","persistentId":"d2e5850b-6549-4696-abc7-5a6aad44af63","__parent":"MissionGroup","position":[-41.8877983,140.981003,23.6000004],"isRenderEnabled":false,"rotationMatrix":[0.963629544,-0.267241746,0,0.267241746,0.963629544,0,0,0,1],"shapeName":"/levels/lakeside/art/shapes/buildings/garage1.dae"}
{"class":"TSStatic","persistentId":"db6018a7-ff3a-42f3-aeca-aa29e00e4ee5","__parent":"MissionGroup","position":[26.9792614,73.6880264,22.2653999],"isRenderEnabled":false,"rotationMatrix":[0.953190684,-0.302369893,0,0.302369893,0.953190684,0,0,0,1],"shapeName":"/levels/lakeside/art/shapes/buildings/controltower.dae"}
{"class":"TSStatic","persistentId":"e45581c1-38e1-4ff4-b43b-a619ecb6bb9c","__parent":"MissionGroup","isRenderEnabled":false,"shapeName":"/levels/lakeside/art/shapes/buildings/pitlane.dae"}
{"class":"TSStatic","persistentId":"ee62729d-10d3-4efc-9a27-f5212468d563","__parent":"MissionGroup","position":[-27.9640141,62.8487587,26.1818924],"rotationMatrix":[0.421077758,0.907024443,0,-0.907024443,0.421077758,0,0,0,1],"scale":[0.5,0.5,0.5],"shapeName":"/levels/lakeside/art/shapes/objects/flag_hyundai.dae","useInstanceRenderData":true}
{"class":"TSStatic","persistentId":"f6b7e39f-5581-447a-93db-cb1db4c6e848","__parent":"MissionGroup","position":[189.046692,-1.32359982,25.1478386],"rotationMatrix":[0.575160265,0.818040848,0,-0.818040848,0.575160265,0,0,0,1],"scale":[0.5,0.5,0.5],"shapeName":"/levels/lakeside/art/shapes/objects/flag_absolute.dae","useInstanceRenderData":true}
{"class":"TSStatic","persistentId":"ffdeaf2f-f1ec-486f-b5ba-71d18d3f19a5","__parent":"MissionGroup","position":[-14.3224907,144.928238,25.4111004],"isRenderEnabled":false,"rotationMatrix":[0.968148053,-0.25037834,0,0.25037834,0.968148053,0,0,0,1],"shapeName":"/levels/lakeside/art/shapes/buildings/garage2.dae"}
{"name":"theTerrain","class":"TerrainBlock","persistentId":"87e73cbb-4e35-4e9f-b380-06868c703ad7","__parent":"MissionGroup","position":[-1023.75,-1023.75,0],"baseTexSize":2048,"maxHeight":57,"minimapImage":"levels/lakeside/lakeside_minimap.png","squareSize":0.5,"terrainFile":"/levels/lakeside/theTerrain.ter"}
{"class":"WaterBlock","persistentId":"28eeed4c-cb99-4f7e-adb1-196452a126be","__parent":"MissionGroup","position":[376.246918,274.514435,27.2144203],"Foam":[{},{}],"Ripples (texture animation)":[{"rippleDir":[0,1],"rippleSpeed":0.0649999976,"rippleTexScale":[7.13999987,7.13999987]},{"rippleDir":[0.707000017,0.707000017],"rippleSpeed":0.0900000036,"rippleTexScale":[6.25,12.5]},{"rippleDir":[0.5,0.860000014],"rippleSpeed":0.0399999991,"rippleTexScale":[50,50]}],"Waves (vertex undulation)":[{"waveDir":[0,1],"waveMagnitude":0.200000003,"waveSpeed":1},{"waveDir":[0.707000017,0.707000017],"waveMagnitude":0.200000003,"waveSpeed":1},{"waveDir":[0.5,0.860000014],"waveMagnitude":0.200000003,"waveSpeed":1}],"baseColor":[84,71,39,255],"cubemap":"DefaultSkyCubemap","depthGradientTex":"core/art/water/depthcolor_ramp","foamTex":"core/art/water/foam","fresnelBias":0,"fresnelPower":1,"overallRippleMagnitude":1,"overallWaveMagnitude":0,"rippleTex":"core/art/water/ripple","rotationMatrix":[-0.828261554,0.560342252,5.40239853e-10,-0.560342014,-0.828261077,-0.000690532441,-0.000386934524,-0.000571942073,0.999999762],"scale":[126.676102,111.531364,10],"waterFogDensity":0.200000003,"waterFogDensityOffset":-1}
{"class":"WaterBlock","persistentId":"4d91b66a-9de1-4be1-bb58-1ec3c65f5348","__parent":"MissionGroup","position":[92.5806046,530.777039,29.7039108],"Foam":[{},{}],"Ripples (texture animation)":[{"rippleDir":[0,1],"rippleSpeed":0.0649999976,"rippleTexScale":[7.13999987,7.13999987]},{"rippleDir":[0.707000017,0.707000017],"rippleSpeed":0.0900000036,"rippleTexScale":[6.25,12.5]},{"rippleDir":[0.5,0.860000014],"rippleSpeed":0.0399999991,"rippleTexScale":[50,50]}],"Waves (vertex undulation)":[{"waveDir":[0,1],"waveMagnitude":0.200000003,"waveSpeed":1},{"waveDir":[0.707000017,0.707000017],"waveMagnitude":0.200000003,"waveSpeed":1},{"waveDir":[0.5,0.860000014],"waveMagnitude":0.200000003,"waveSpeed":1}],"baseColor":[87,73,39,255],"cubemap":"DefaultSkyCubemap","depthGradientTex":"core/art/water/depthcolor_ramp","foamTex":"core/art/water/foam","fresnelBias":0,"fresnelPower":1,"overallRippleMagnitude":1,"overallWaveMagnitude":0,"rippleTex":"core/art/water/ripple","rotationMatrix":[0.859873056,0.510508776,3.9653969e-10,-0.510508776,0.859872878,-0.000690533547,-0.00035252393,0.00059377047,0.999999762],"scale":[145.68956,310.335571,10],"waterFogDensity":0.200000003,"waterFogDensityOffset":-1}
{"class":"WaterBlock","persistentId":"72e956f8-2c65-4c8f-8638-4c0e1ae83ddf","__parent":"MissionGroup","position":[-44.9072723,432.602783,29.7039108],"Foam":[{},{}],"Ripples (texture animation)":[{"rippleDir":[0,1],"rippleSpeed":0.0649999976,"rippleTexScale":[7.13999987,7.13999987]},{"rippleDir":[0.707000017,0.707000017],"rippleSpeed":0.0900000036,"rippleTexScale":[6.25,12.5]},{"rippleDir":[0.5,0.860000014],"rippleSpeed":0.0399999991,"rippleTexScale":[50,50]}],"Waves (vertex undulation)":[{"waveDir":[0,1],"waveMagnitude":0.200000003,"waveSpeed":1},{"waveDir":[0.707000017,0.707000017],"waveMagnitude":0.200000003,"waveSpeed":1},{"waveDir":[0.5,0.860000014],"waveMagnitude":0.200000003,"waveSpeed":1}],"baseColor":[89,72,40,255],"cubemap":"DefaultSkyCubemap","depthGradientTex":"core/art/water/depthcolor_ramp","foamTex":"core/art/water/foam","fresnelBias":0,"fresnelPower":1,"overallRippleMagnitude":1,"overallWaveMagnitude":0,"rippleTex":"core/art/water/ripple","rotationMatrix":[0.859873056,0.510508776,3.9653969e-10,-0.510508776,0.859872878,-0.000690533547,-0.00035252393,0.00059377047,0.999999762],"scale":[195.621613,327.095642,10],"waterFogDensity":0.200000003,"waterFogDensityOffset":-1}
