{"class":"TSStatic","persistentId":"d36ae6dc-1109-41a2-b679-c3f5e9dd8160","__parent":"toptsos","position":[220.122482,247.298523,19.0588207],"isRenderEnabled":false,"rotationMatrix":[0.585718155,-0.810182512,-0.0232067741,0.809987843,0.586129665,-0.0192790441,0.029221721,-0.00750511978,0.999544799],"shapeName":"/levels/RoadAtlanta/art/TSOs/free/Buss01.DAE"}
{"class":"TSStatic","persistentId":"f7f30a04-6704-461e-a58f-742b954cdc59","__parent":"toptsos","position":[213.141281,255.995895,19.5233021],"isRenderEnabled":false,"rotationMatrix":[0.586552918,-0.808972776,-0.0389716215,0.80851692,0.587687075,-0.0304038674,0.0474990197,-0.0136757419,0.998777568],"shapeName":"/levels/RoadAtlanta/art/TSOs/free/Buss02.dae"}
{"class":"TSStatic","persistentId":"346eac77-8c57-418c-85d9-a7e6c46c9204","__parent":"toptsos","position":[217.256104,250.39476,19.1693935],"isRenderEnabled":false,"rotationMatrix":[0.585718691,-0.810182095,-0.0232067965,0.809987545,0.586130142,-0.019279046,0.0292217433,-0.00750511512,0.99954474],"shapeName":"/levels/RoadAtlanta/art/TSOs/free/Buss04.DAE"}
{"class":"TSStatic","persistentId":"b76855fa-95e3-459c-8a68-99fd49cf0947","__parent":"toptsos","position":[233.54097,231.652252,17.619812],"isRenderEnabled":false,"rotationMatrix":[0.58641088,-0.810013592,-0.000602454413,0.809316456,0.585875034,0.0419200361,-0.0336028263,-0.025069939,0.999120653],"shapeName":"/levels/RoadAtlanta/art/TSOs/free/Buss02.dae"}
{"class":"TSStatic","persistentId":"c92cadba-af82-48be-aa49-1d3891f606b9","__parent":"toptsos","position":[223.763565,240.997665,18.4591026],"isRenderEnabled":false,"rotationMatrix":[0.585961282,-0.809373379,-0.0395465083,0.810002565,0.586426139,-0.000192414969,0.0233468469,-0.031920027,0.999217629],"shapeName":"/levels/RoadAtlanta/art/TSOs/free/Buss04.DAE"}
{"class":"TSStatic","persistentId":"7be2c490-ee9e-40b8-8a77-b8d494dd3c3d","__parent":"toptsos","position":[248.556519,212.915512,16.7383785],"isRenderEnabled":false,"rotationMatrix":[0.586918354,-0.809373379,-0.0210117176,0.809604168,0.586426258,0.0254019201,-0.00823781546,-0.031920027,0.999456465],"shapeName":"/levels/RoadAtlanta/art/TSOs/free/Buss02.dae"}
{"class":"TSStatic","persistentId":"663569f4-6c58-4a71-8857-1bbdf2f99fe0","__parent":"toptsos","position":[252.256332,207.776978,16.6538773],"isRenderEnabled":false,"rotationMatrix":[0.586918354,-0.809373379,-0.0210117176,0.809604168,0.586426258,0.0254019201,-0.00823781546,-0.031920027,0.999456465],"shapeName":"/levels/RoadAtlanta/art/TSOs/free/Buss01.DAE"}
{"class":"TSStatic","persistentId":"67f5b669-6589-49d7-a97d-69ca89ccc751","__parent":"toptsos","position":[132.256668,376.549347,25.1160259],"collisionType":"Visible Mesh Final","isRenderEnabled":false,"rotationMatrix":[-0.533832431,-0.845590889,0,0.845590889,-0.533832431,0,0,0,1],"shapeName":"/levels/RoadAtlanta/art/TSOs/free/Car_Blue.dae"}
{"class":"TSStatic","persistentId":"bae2bd58-310c-447c-a4b7-ba86fc678894","__parent":"toptsos","position":[143.592361,367.197815,24.786253],"collisionType":"Visible Mesh Final","isRenderEnabled":false,"rotationMatrix":[0.746100008,0.66583389,0,-0.66583389,0.746100008,0,0,0,1],"shapeName":"/levels/RoadAtlanta/art/TSOs/free/Car_Green.dae"}
{"class":"TSStatic","persistentId":"c3e4bea2-07d0-4f98-b313-6cfdc369ace0","__parent":"toptsos","position":[124.035851,379.788116,25.2190533],"collisionType":"Visible Mesh Final","isRenderEnabled":false,"rotationMatrix":[0.63759172,0.770374417,0,-0.770374417,0.63759172,0,0,0,1],"shapeName":"/levels/RoadAtlanta/art/TSOs/free/Car_Red.dae"}
{"class":"TSStatic","persistentId":"2331ca7a-b420-4d12-b211-3d3af7f5550e","__parent":"toptsos","position":[120.257912,384.343079,25.2574444],"collisionType":"Visible Mesh Final","isRenderEnabled":false,"rotationMatrix":[-0.369789094,-0.929115713,0,0.929115713,-0.369789094,0,0,0,1],"shapeName":"/levels/RoadAtlanta/art/TSOs/free/Car_Pickup.dae"}
{"class":"TSStatic","persistentId":"6f68977b-cd2b-4a11-bba5-0ac2e124cc4c","__parent":"toptsos","position":[152.24675,392.5672,25.1214981],"collisionType":"Visible Mesh Final","isRenderEnabled":false,"shapeName":"/levels/RoadAtlanta/art/TSOs/free/WINNEBAGO.dae"}
{"class":"TSStatic","persistentId":"4598cdeb-a342-4812-b9bd-67a29229c82d","__parent":"toptsos","position":[141.959259,392.445892,25.3531265],"collisionType":"Visible Mesh Final","isRenderEnabled":false,"shapeName":"/levels/RoadAtlanta/art/TSOs/free/WINNEBAGO2.dae"}
{"class":"TSStatic","persistentId":"9df4afd6-2960-465b-9abb-4f5172d4e5f5","__parent":"toptsos","position":[147.159286,393.492737,25.2594376],"collisionType":"Visible Mesh Final","isRenderEnabled":false,"shapeName":"/levels/RoadAtlanta/art/TSOs/free/WINNEBAGO.dae"}
{"class":"TSStatic","persistentId":"80b26dca-50c1-4e32-a8b9-9ed806662a78","__parent":"toptsos","position":[134.700211,391.143982,25.4579391],"isRenderEnabled":false,"rotationMatrix":[0.0912720263,0.995825887,0,-0.995825887,0.0912720263,0,0,0,1],"shapeName":"/levels/RoadAtlanta/art/TSOs/free/RV_TrailerB.dae"}
{"class":"TSStatic","persistentId":"53a61b8c-29f5-4f41-bab4-81f1a94a6186","__parent":"toptsos","position":[160.98439,304.840302,21.7512703],"isRenderEnabled":false,"rotationMatrix":[0.776779592,-0.629772782,0,0.629772782,0.776779592,0,0,0,1],"shapeName":"/levels/RoadAtlanta/art/TSOs/free/Tentw.dae"}
{"class":"TSStatic","persistentId":"f187368a-50f0-4a29-8877-e44b633401f3","__parent":"toptsos","position":[179.950439,286.301544,20.9338264],"isRenderEnabled":false,"rotationMatrix":[0.611099958,0.791553557,0,-0.791553557,0.611099958,0,0,0,1],"shapeName":"/levels/RoadAtlanta/art/TSOs/free/Tentblk.DAE"}
{"class":"TSStatic","persistentId":"6b891bec-b4f0-454a-b4e8-cbef9d8b7d0e","__parent":"toptsos","position":[148.600983,317.293976,22.3000984],"isRenderEnabled":false,"rotationMatrix":[0.759855926,0.65009129,0,-0.65009129,0.759855926,0,0,0,1],"shapeName":"/levels/RoadAtlanta/art/TSOs/free/Tenty.DAE"}
{"class":"TSStatic","persistentId":"b690e8a2-318d-4f1c-afa2-21ebd0a23468","__parent":"toptsos","position":[153.298386,311.169708,22.0638924],"isRenderEnabled":false,"rotationMatrix":[0.726243734,0.687437534,0,-0.687437534,0.726243734,0,0,0,1],"shapeName":"/levels/RoadAtlanta/art/TSOs/free/Tenty.DAE"}
{"class":"TSStatic","persistentId":"8882416c-2d84-4e76-87a5-f1b93c975b8b","__parent":"toptsos","position":[167.998505,297.750031,21.4684944],"isRenderEnabled":false,"rotationMatrix":[0.599730134,0.800202608,0,-0.800202608,0.599730134,0,0,0,1],"shapeName":"/levels/RoadAtlanta/art/TSOs/free/Tentr.dae"}
{"class":"TSStatic","persistentId":"9bc3ff6d-fa14-48b7-b93f-04d845af7dba","__parent":"toptsos","position":[173.7659,291.930725,21.1643562],"isRenderEnabled":false,"rotationMatrix":[0.611099958,0.791553557,0,-0.791553557,0.611099958,0,0,0,1],"shapeName":"/levels/RoadAtlanta/art/TSOs/free/Tentblk.DAE"}
{"class":"TSStatic","persistentId":"1c155d5f-ebdc-4a73-a683-760941228ed1","__parent":"toptsos","position":[26.3871994,441.015137,21.9028473],"collisionType":"Visible Mesh Final","isRenderEnabled":false,"shapeName":"/levels/RoadAtlanta/art/TSOs/free/WINNEBAGO.dae"}
{"class":"TSStatic","persistentId":"4f178b8c-7e15-4321-b7c3-233f4d153006","__parent":"toptsos","position":[20.2224483,438.675659,21.9266529],"isRenderEnabled":false,"shapeName":"/levels/RoadAtlanta/art/TSOs/free/RV_Trailerp.dae"}
{"class":"TSStatic","persistentId":"85b4f85c-a540-4b38-9dd7-e7bfbd67c74c","__parent":"toptsos","position":[11.1098719,443.081451,21.5940819],"isRenderEnabled":false,"rotationMatrix":[1,0,0,0,0.999094188,0.0425587893,0,-0.0425587893,0.999094188],"shapeName":"/levels/RoadAtlanta/art/TSOs/free/Tentr2.DAE"}
{"class":"TSStatic","persistentId":"b23614a0-07eb-49d8-912a-9de016838524","__parent":"toptsos","position":[5.72388601,465.402802,22.7538586],"isRenderEnabled":false,"rotationMatrix":[0.666075349,-0.745882928,0.00176211447,0.741361678,0.662293971,0.108398341,-0.0820195153,-0.0708950758,0.994105995],"shapeName":"/levels/RoadAtlanta/art/TSOs/free/Tenty.DAE"}
{"class":"TSStatic","persistentId":"79060f39-25b9-457f-b56d-362514b880f9","__parent":"toptsos","position":[18.7233505,451.242126,22.2762604],"isRenderEnabled":false,"rotationMatrix":[0.690643847,-0.723059952,-0.0139833754,0.722003818,0.688267529,0.0707084835,-0.0415021852,-0.0589303635,0.997399151],"shapeName":"/levels/RoadAtlanta/art/TSOs/free/Tentw.dae"}
{"class":"TSStatic","persistentId":"9a528dc4-a5e5-4d29-8dfa-0ddc4d40fb91","__parent":"toptsos","position":[-80.3561478,497.955994,24.7372093],"isRenderEnabled":false,"rotationMatrix":[0.812296808,-0.582980812,-0.0175375342,0.582737982,0.809970856,0.0660626963,-0.0243083909,-0.0638823062,0.997661352],"shapeName":"/levels/RoadAtlanta/art/TSOs/free/Tentw.dae"}
{"class":"TSStatic","persistentId":"e5367a58-30bc-435b-80d3-a1a6b3e45bd3","__parent":"toptsos","position":[-89.0570374,502.646088,24.8519802],"isRenderEnabled":false,"rotationMatrix":[0.847518444,-0.530762374,-0.00196426269,0.529489994,0.845219016,0.0724301711,-0.0367829762,-0.0624259934,0.997371316],"shapeName":"/levels/RoadAtlanta/art/TSOs/free/Tenty.DAE"}
{"class":"TSStatic","persistentId":"be413c19-c201-427b-8454-472744f841b9","__parent":"toptsos","position":[-97.3064346,507.260712,24.7262421],"isRenderEnabled":false,"rotationMatrix":[0.742104292,-0.670113802,0.0151741942,0.668743968,0.741741359,0.0509985536,-0.0454301871,-0.0276985727,0.998583376],"shapeName":"/levels/RoadAtlanta/art/TSOs/free/Tentr2.DAE"}
{"class":"TSStatic","persistentId":"aa135f59-6e57-41bf-8c89-e1ce2eaa7a4b","__parent":"toptsos","position":[-64.5817566,526.165344,26.9268532],"isRenderEnabled":false,"rotationMatrix":[0.811874688,-0.582325339,-0.0419210121,0.583746314,0.810893476,0.0411476791,0.0100321118,-0.0578779727,0.998273134],"shapeName":"/levels/RoadAtlanta/art/TSOs/free/Tentblk.DAE"}
{"class":"TSStatic","persistentId":"8d378f0a-38bc-4568-95f9-8fe46cf69476","__parent":"toptsos","position":[-104.452385,515.356201,25.0800896],"isRenderEnabled":false,"rotationMatrix":[0.924773455,-0.380052984,0.0188230984,0.376830876,0.921559691,0.0934162512,-0.0528497435,-0.0792957544,0.995448947],"shapeName":"/levels/RoadAtlanta/art/TSOs/free/Tentb.dae"}
{"class":"TSStatic","persistentId":"53d4b98b-969c-471d-9d2f-8526ee440ec4","__parent":"toptsos","position":[-91.5831833,543.786987,27.6723442],"isRenderEnabled":false,"rotationMatrix":[0.917022586,-0.397728384,-0.0296901613,0.398835033,0.914478183,0.0682651773,3.02644487e-09,-0.0744421929,0.997225165],"shapeName":"/levels/RoadAtlanta/art/TSOs/free/Tentr.dae"}
{"class":"TSStatic","persistentId":"a6298fca-3038-4260-8cf5-2c8bd09b8682","__parent":"toptsos","position":[-99.2202377,550.156006,28.3332863],"isRenderEnabled":false,"rotationMatrix":[0.802195966,-0.597061634,0,0.597061634,0.802195966,0,0,0,1],"shapeName":"/levels/RoadAtlanta/art/TSOs/free/Tenty.DAE"}
{"class":"TSStatic","persistentId":"7bd19465-39be-4d85-8bac-0bc783a26497","__parent":"toptsos","position":[-102.037918,523.472656,25.7944603],"isRenderEnabled":false,"rotationMatrix":[0.969199061,-0.245974109,0.0121922912,0.244035587,0.965867102,0.0868693218,-0.0331437774,-0.0812183619,0.996144831],"shapeName":"/levels/RoadAtlanta/art/TSOs/free/Tentw.dae"}
{"class":"TSStatic","persistentId":"1085d7c5-d9f8-4dd8-9335-c10d4fa9584d","__parent":"toptsos","position":[45.3402214,453.946045,22.5987606],"isRenderEnabled":false,"rotationMatrix":[0.79687655,0.604023993,0.0119058331,-0.603798926,0.795606852,0.0493540503,0.0203386806,-0.0465178415,0.998710096],"shapeName":"/levels/RoadAtlanta/art/TSOs/free/Tentr.dae"}
{"class":"TSStatic","persistentId":"c9a587f9-345b-4cbf-88e9-52529f826806","__parent":"toptsos","position":[35.4249115,465.148407,23.0302467],"isRenderEnabled":false,"rotationMatrix":[0.756548584,0.653828859,0.0118727777,-0.653126359,0.754582345,0.063484937,0.0325493105,-0.055783838,0.997911692],"shapeName":"/levels/RoadAtlanta/art/TSOs/free/Tentw.dae"}
{"class":"TSStatic","persistentId":"dc84c5f5-4414-477c-835d-92232be5ad3c","__parent":"toptsos","position":[30.2308693,470.339966,23.1961441],"isRenderEnabled":false,"rotationMatrix":[0.73085928,0.681926966,-0.0286474209,-0.682005823,0.731298208,0.00843629055,0.0267027412,0.0133719724,0.999554217],"shapeName":"/levels/RoadAtlanta/art/TSOs/free/Tentb.dae"}
{"class":"TSStatic","persistentId":"a2b0596e-eddc-40d6-b70b-5186d20cac1a","__parent":"toptsos","position":[54.0073433,462.647766,22.866703],"isRenderEnabled":false,"rotationMatrix":[0.912350178,0.409410089,0,-0.409410089,0.912350178,0,0,0,1],"shapeName":"/levels/RoadAtlanta/art/TSOs/free/RV_Trailerp.dae"}
{"class":"TSStatic","persistentId":"fe02bbfc-f251-4eeb-9679-3005c06fa454","__parent":"toptsos","position":[39.5434647,473.675781,23.4924355],"isRenderEnabled":false,"rotationMatrix":[-0.148695409,0.98888272,0,-0.98888272,-0.148695409,0,0,0,1],"shapeName":"/levels/RoadAtlanta/art/TSOs/free/RV_TrailerB.dae"}
{"class":"TSStatic","persistentId":"b30ad96d-20e2-490e-86ed-61d0827f0c4e","__parent":"toptsos","position":[44.4375458,466.252655,22.9232445],"collisionType":"Visible Mesh Final","isRenderEnabled":false,"shapeName":"/levels/RoadAtlanta/art/TSOs/free/Car_Red.dae"}
{"class":"TSStatic","persistentId":"ebe4c845-02fb-4e3a-b4cd-ff485ab03e2e","__parent":"toptsos","position":[46.8495369,459.5961,22.8248081],"collisionType":"Visible Mesh Final","isRenderEnabled":false,"rotationMatrix":[-0.937533736,-0.34789449,0,0.34789449,-0.937533736,0,0,0,1],"shapeName":"/levels/RoadAtlanta/art/TSOs/free/Car_Pickup.dae"}
{"class":"TSStatic","persistentId":"4b1d28e7-2bef-42d9-96d2-89e66d9f32aa","__parent":"toptsos","position":[33.8072014,478.916077,23.5844383],"collisionType":"Visible Mesh Final","isRenderEnabled":false,"rotationMatrix":[-0.675168335,-0.737663567,0,0.737663567,-0.675168335,0,0,0,1],"shapeName":"/levels/RoadAtlanta/art/TSOs/free/Car_Green.dae"}
{"class":"TSStatic","persistentId":"a413ecc1-32e9-4399-9018-a888d4b8e8be","__parent":"toptsos","position":[35.8600388,476.573059,23.4463444],"collisionType":"Visible Mesh Final","isRenderEnabled":false,"rotationMatrix":[0.864408016,0.502791226,0,-0.502791226,0.864408016,0,0,0,1],"shapeName":"/levels/RoadAtlanta/art/TSOs/free/Car_Blue.dae"}
{"class":"TSStatic","persistentId":"b49c97ae-1bac-4a25-b8ec-6a09e50d9515","__parent":"toptsos","position":[-25.8409672,488.428925,24.5849762],"collisionType":"Visible Mesh Final","isRenderEnabled":false,"rotationMatrix":[0.762923539,-0.646263778,-0.0170593187,0.645793796,0.760614753,0.0664506704,-0.0299690925,-0.0617135875,0.997643828],"shapeName":"/levels/RoadAtlanta/art/TSOs/free/WINNEBAGO.dae"}
{"class":"TSStatic","persistentId":"9b7eb014-78d8-4c75-ac09-4858f52e1bfa","__parent":"toptsos","position":[-43.7712517,503.962158,26.0706406],"collisionType":"Visible Mesh Final","isRenderEnabled":false,"rotationMatrix":[0.887117565,-0.461321861,-0.0143030677,0.461431235,0.88579154,0.0495412685,-0.0101849232,-0.0505487882,0.998669505],"shapeName":"/levels/RoadAtlanta/art/TSOs/free/WINNEBAGO2.dae"}
{"class":"TSStatic","persistentId":"fb7de7ae-4568-412c-9eff-b0a0993dfcf7","__parent":"toptsos","position":[-35.5915031,496.803253,25.3914165],"collisionType":"Visible Mesh Final","isRenderEnabled":false,"rotationMatrix":[0.740608633,-0.668063343,-0.0720409602,0.670630634,0.741589844,0.0172924027,0.0418724045,-0.0611197799,0.997251749],"shapeName":"/levels/RoadAtlanta/art/TSOs/free/WINNEBAGO3.dae"}
{"class":"TSStatic","persistentId":"69f28dc4-8891-47db-8c78-d8ef15ca074a","__parent":"toptsos","position":[130.645874,302.886322,21.8394661],"isRenderEnabled":false,"rotationMatrix":[0.670921326,0.741510928,0.00511181634,-0.741460264,0.670750022,0.018197231,0.010064695,-0.0159991197,0.999821365],"shapeName":"/levels/RoadAtlanta/art/TSOs/free/Trailer_Tent.dae"}
{"class":"TSStatic","persistentId":"bfd73211-cf60-4048-b2cd-db8a5182da71","__parent":"toptsos","position":[149.239349,286.795013,21.4474354],"isRenderEnabled":false,"rotationMatrix":[0.670921087,0.741511166,0.00511182146,-0.741460502,0.670749784,0.0181972384,0.0100647006,-0.0159991235,0.999821365],"shapeName":"/levels/RoadAtlanta/art/TSOs/free/Trailer_Tent.dae"}
{"class":"TSStatic","persistentId":"169bea78-bd1e-4220-8c44-0f5a0255643d","__parent":"toptsos","position":[166.586212,271.416077,21.139719],"isRenderEnabled":false,"rotationMatrix":[0.670921862,0.74151051,0.00511180144,-0.741460085,0.670750618,0.0181972198,0.0100646857,-0.0159991104,0.999821126],"shapeName":"/levels/RoadAtlanta/art/TSOs/free/Trailer_Tent.dae"}
{"class":"TSStatic","persistentId":"9de41fa5-8368-43b5-967b-ae3757c0b81f","__parent":"toptsos","position":[296.995667,194.30246,16.7092228],"collisionType":"Visible Mesh Final","isRenderEnabled":false,"rotationMatrix":[-0.413904935,0.910320103,0,-0.910320103,-0.413904935,0,0,0,1],"shapeName":"/levels/RoadAtlanta/art/TSOs/free/WINNEBAGO2.dae"}
{"class":"TSStatic","persistentId":"7af26305-6ff5-4686-8355-f3136437d439","__parent":"toptsos","position":[245.761459,217.971298,16.9459858],"isRenderEnabled":false,"rotationMatrix":[0.586918354,-0.809373379,-0.0210117176,0.809604168,0.586426258,0.0254019201,-0.00823781546,-0.031920027,0.999456465],"shapeName":"/levels/RoadAtlanta/art/TSOs/free/Buss05.DAE"}
{"class":"TSStatic","persistentId":"d1dd3a97-28cf-4daf-8509-33674480f361","__parent":"toptsos","position":[209.064316,259.667664,19.7545815],"isRenderEnabled":false,"rotationMatrix":[0.586552143,-0.808973312,-0.0389716513,0.808517456,0.587686241,-0.0304038823,0.0474990346,-0.0136758005,0.998777688],"shapeName":"/levels/RoadAtlanta/art/TSOs/free/Buss03.DAE"}
{"class":"TSStatic","persistentId":"b1ad803d-9805-4fa0-8980-1128ae32a02d","__parent":"toptsos","position":[270.28537,240.291672,17.2526989],"collisionType":"Visible Mesh Final","isRenderEnabled":false,"rotationMatrix":[0.64728713,-0.762245476,0,0.762245476,0.64728713,0,0,0,1],"shapeName":"/levels/RoadAtlanta/art/TSOs/free/WINNEBAGO2.dae"}
{"class":"TSStatic","persistentId":"a4a36e51-d09e-4f96-a322-23412669553d","__parent":"toptsos","position":[301.370026,288.818787,16.9163017],"collisionType":"Visible Mesh Final","isRenderEnabled":false,"rotationMatrix":[0.717762291,-0.69628793,0,0.69628793,0.717762291,0,0,0,1],"shapeName":"/levels/RoadAtlanta/art/TSOs/free/WINNEBAGO3.dae"}
{"class":"TSStatic","persistentId":"d6d6fb9b-9ecd-4997-9813-52c6ef5eade1","__parent":"toptsos","position":[264.689453,244.173065,17.7842522],"collisionType":"Visible Mesh Final","isRenderEnabled":false,"rotationMatrix":[0.697224021,-0.716853142,0,0.716853142,0.697224021,0,0,0,1],"shapeName":"/levels/RoadAtlanta/art/TSOs/free/WINNEBAGO.dae"}
{"class":"TSStatic","persistentId":"f4ebdaec-f4d4-41a0-9c23-2ea2e0671a00","__parent":"toptsos","position":[258.247955,246.354202,18.1176891],"collisionType":"Visible Mesh Final","isRenderEnabled":false,"rotationMatrix":[-0.713525414,0.700628996,0,-0.700628996,-0.713525414,0,0,0,1],"shapeName":"/levels/RoadAtlanta/art/TSOs/free/WINNEBAGO2.dae"}
{"class":"TSStatic","persistentId":"03730ab9-ad0e-4189-8755-beb258a04896","__parent":"toptsos","position":[275.523956,234.820251,16.9888344],"isRenderEnabled":false,"rotationMatrix":[-0.92825073,-0.371954054,0,0.371954054,-0.92825073,0,0,0,1],"shapeName":"/levels/RoadAtlanta/art/TSOs/free/RV_TrailerB.dae"}
{"class":"TSStatic","persistentId":"ca59ba68-4815-4a81-bd3d-290151e6ac12","__parent":"toptsos","position":[262.481964,261.811554,18.6759071],"isRenderEnabled":false,"rotationMatrix":[-0.872038126,-0.489438802,0,0.489438802,-0.872038126,0,0,0,1],"shapeName":"/levels/RoadAtlanta/art/TSOs/free/RV_Trailerp.dae"}
{"class":"TSStatic","persistentId":"9a453ac2-f372-47bc-8078-4cf7cf707f75","__parent":"toptsos","position":[219.744095,290.645905,20.1511402],"isRenderEnabled":false,"rotationMatrix":[0.783514977,-0.621372819,0,0.621372819,0.783514977,0,0,0,1],"shapeName":"/levels/RoadAtlanta/art/TSOs/free/Tentb.dae"}
{"class":"TSStatic","persistentId":"ede731e0-251f-4d22-a919-268aab8c237b","__parent":"toptsos","position":[226.677094,285.77243,19.829546],"isRenderEnabled":false,"rotationMatrix":[0.802342236,-0.596863925,0,0.596863925,0.802342236,0,0,0,1],"shapeName":"/levels/RoadAtlanta/art/TSOs/free/Tentblk.DAE"}
{"class":"TSStatic","persistentId":"f891e301-ddd4-4701-b34a-20ed2e8fb9ba","__parent":"toptsos","position":[235.3311,278.168457,19.4526539],"isRenderEnabled":false,"rotationMatrix":[0.74011308,-0.672482431,0,0.672482431,0.74011308,0,0,0,1],"shapeName":"/levels/RoadAtlanta/art/TSOs/free/Tentw.dae"}
{"class":"TSStatic","persistentId":"c1916f50-522b-4e67-a54f-0230b8a60fa3","__parent":"toptsos","position":[289.849762,207.585983,16.147028],"collisionType":"Visible Mesh Final","isRenderEnabled":false,"rotationMatrix":[-0.532216966,0.846608341,0,-0.846608341,-0.532216966,0,0,0,1],"shapeName":"/levels/RoadAtlanta/art/TSOs/free/WINNEBAGO.dae"}
{"class":"TSStatic","persistentId":"7f429635-7826-4b07-89c9-47e7e841f91d","__parent":"toptsos","position":[296.881409,201.552551,16.3013859],"collisionType":"Visible Mesh Final","isRenderEnabled":false,"rotationMatrix":[0.34853965,-0.937293947,0,0.937293947,0.34853965,0,0,0,1],"shapeName":"/levels/RoadAtlanta/art/TSOs/free/WINNEBAGO2.dae"}
