{"class":"TSStatic","persistentId":"3999e67c-2dad-4d56-bedb-42c45570bd9f","__parent":"RVs","position":[318.12262,661.714111,3.6955595],"isRenderEnabled":false,"rotationMatrix":[0.5386886,0.842505574,0,-0.842505574,0.5386886,0,0,0,1],"shapeName":"/levels/RoadAtlanta/art/TSOs/free/RV_TrailerT.dae"}
{"class":"TSStatic","persistentId":"3b530446-b3f3-4b23-bfed-6a5371d7dd8f","__parent":"RVs","position":[-164.470551,680.818665,29.6497231],"isRenderEnabled":false,"rotationMatrix":[-0.969732404,-0.244170353,0,0.244170353,-0.969732404,0,0,0,1],"shapeName":"/levels/RoadAtlanta/art/TSOs/free/RV_TrailerT.dae"}
{"class":"TSStatic","persistentId":"0239f9ff-bc27-43e0-8c78-e2f4b1609602","__parent":"RVs","position":[-139.967896,704.608948,29.0465641],"isRenderEnabled":false,"rotationMatrix":[0.113605566,0.993525207,0,-0.993525207,0.113605566,0,0,0,1],"shapeName":"/levels/RoadAtlanta/art/TSOs/free/RV_TrailerR.dae"}
{"class":"TSStatic","persistentId":"7be26aa8-7301-4b98-9b54-54d04e01471d","__parent":"RVs","position":[451.988007,288.856567,1.43103683],"isRenderEnabled":false,"rotationMatrix":[-0.890421331,0.455090463,-0.00663663913,-0.453541726,-0.8859815,0.0966354012,0.0380979106,0.0890561789,0.995297909],"shapeName":"/levels/RoadAtlanta/art/TSOs/free/RV_Trailerp.dae"}
{"class":"TSStatic","persistentId":"597a4b65-a607-415f-b059-5113f291e234","__parent":"RVs","position":[352.191986,329.452118,14.6865349],"isRenderEnabled":false,"rotationMatrix":[0.488562047,0.872528613,0,-0.872528613,0.488562047,0,0,0,1],"shapeName":"/levels/RoadAtlanta/art/TSOs/free/RV_TrailerB.dae"}
{"class":"TSStatic","persistentId":"c72ff6cb-4496-4fc5-b9c5-22c5de6b3350","__parent":"RVs","position":[343.249237,335.385254,15.1319246],"isRenderEnabled":false,"rotationMatrix":[-0.904360533,-0.426648259,0.0100386553,0.426175952,-0.904096365,-0.0313251317,0.0224407353,-0.0240509808,0.999458849],"shapeName":"/levels/RoadAtlanta/art/TSOs/free/RV_TrailerR.dae"}
{"class":"TSStatic","persistentId":"d6bbf9ae-2220-4664-b62d-123536e6d457","__parent":"RVs","position":[422.069183,572.847839,-0.0210411549],"isRenderEnabled":false,"rotationMatrix":[0.819154501,0.573573887,0,-0.573573887,0.819154501,0,0,0,1],"shapeName":"/levels/RoadAtlanta/art/TSOs/free/RV_Trailerp.dae"}
{"class":"TSStatic","persistentId":"b959f444-a661-4422-8619-ddf1e199f1f8","__parent":"RVs","position":[431.712006,554.704712,-1.50939655],"isRenderEnabled":false,"shapeName":"/levels/RoadAtlanta/art/TSOs/free/RV_TrailerT.dae"}
{"class":"TSStatic","persistentId":"9f56cb1b-e22d-4199-92cd-7c51bd340f28","__parent":"RVs","position":[-317.665955,143.968216,25.1603928],"isRenderEnabled":false,"rotationMatrix":[-0.230198562,0.973143876,0,-0.973143876,-0.230198562,0,0,0,1],"shapeName":"/levels/RoadAtlanta/art/TSOs/free/RV_TrailerR.dae"}
{"class":"TSStatic","persistentId":"45736fd1-3068-4679-8d1e-ff7e535b1f23","__parent":"RVs","position":[-317.449799,156.618744,24.8955727],"isRenderEnabled":false,"rotationMatrix":[-0.765952587,-0.642897666,0,0.642897666,-0.765952587,0,0,0,1],"shapeName":"/levels/RoadAtlanta/art/TSOs/free/RV_TrailerT.dae"}
{"class":"TSStatic","persistentId":"30017c77-d01d-4724-8096-074eddef244f","__parent":"RVs","position":[180.220627,589.752563,-0.934940338],"isRenderEnabled":false,"rotationMatrix":[0.568802595,0.822275519,0.0180722661,-0.822293282,0.568079472,0.0334604308,0.0172472112,-0.0338930786,0.999276638],"shapeName":"/levels/RoadAtlanta/art/TSOs/free/Trailer_Tent.dae"}
{"class":"TSStatic","persistentId":"1eaf0396-cc10-4c73-94b4-46f2ebc09725","__parent":"RVs","position":[-223.303055,-138.948837,22.9396515],"isRenderEnabled":false,"shapeName":"/levels/RoadAtlanta/art/TSOs/free/RV_TrailerB.dae"}
{"class":"TSStatic","persistentId":"86ea4041-3b1e-4de7-a41a-551c060b7157","__parent":"RVs","position":[-182.542313,-176.076645,21.7822609],"isRenderEnabled":false,"rotationMatrix":[0.866948307,0.498398006,0,-0.498398006,0.866948307,0,0,0,1],"shapeName":"/levels/RoadAtlanta/art/TSOs/free/RV_Trailerp.dae"}
{"class":"TSStatic","persistentId":"28d6f47b-79db-40e3-af6d-6c8d30d3014c","__parent":"RVs","position":[-174.243195,-180.502472,21.1734543],"isRenderEnabled":false,"shapeName":"/levels/RoadAtlanta/art/TSOs/free/RV_TrailerR.dae"}
{"class":"TSStatic","persistentId":"28e0838c-1430-4519-bdd5-b3fb7f28c704","__parent":"RVs","position":[361.860657,208.775986,13.5086403],"isRenderEnabled":false,"rotationMatrix":[-0.242169157,0.970234156,0,-0.970234156,-0.242169157,0,0,0,1],"shapeName":"/levels/RoadAtlanta/art/TSOs/free/RV_Trailerp.dae"}
{"class":"TSStatic","persistentId":"3b337629-0259-421a-8091-753951b146f4","__parent":"RVs","position":[212.398895,67.9346542,8.02263832],"isRenderEnabled":false,"rotationMatrix":[-0.104222417,0.994554281,0,-0.994554281,-0.104222417,0,0,0,1],"shapeName":"/levels/RoadAtlanta/art/TSOs/free/RV_TrailerR.dae"}
{"class":"TSStatic","persistentId":"bcfd12e3-6eb8-4952-9616-fb2d6d1479f8","__parent":"RVs","position":[217.970749,70.6587753,8.29230022],"isRenderEnabled":false,"rotationMatrix":[0.0384639986,-0.999260664,0,0.999260664,0.0384639986,0,0,0,1],"shapeName":"/levels/RoadAtlanta/art/TSOs/free/RV_TrailerT.dae"}
{"class":"TSStatic","persistentId":"f54070e2-f25f-4ac3-91b1-38ba34adade3","__parent":"RVs","position":[227.777588,84.5954971,9.71644211],"isRenderEnabled":false,"rotationMatrix":[0.150115401,0.98866868,0,-0.98866868,0.150115401,0,0,0,1],"shapeName":"/levels/RoadAtlanta/art/TSOs/free/RV_TrailerB.dae"}
