{"name":"overviewbookmark","internalName":"NewCamera_0","class":"CameraBookmark","persistentId":"52969ddb-9738-44d2-b4a9-95ed1abe40ba","__parent":"CameraBookmarks","position":[17.9594002,-19.9790993,8.28382015],"dataBlock":"CameraBookmarkMarker","isAIControlled":"0","rotationMatrix":[0.694608331,0.719388127,-1.63912773e-07,-0.658238292,0.635564804,-0.403459668,-0.290243983,0.280246556,0.914997458]}
{"internalName":"NewCamera_3","class":"CameraBookmark","persistentId":"546cb2ea-cd46-4385-a87a-aee9ab4312bd","__parent":"CameraBookmarks","position":[-259.193634,368.543304,43.0203171],"dataBlock":"CameraBookmarkMarker","rotationMatrix":[-0.17339325,-0.984852612,-7.4505806e-09,0.969950497,-0.170769572,-0.173302501,0.170677423,-0.0300494879,0.984868646]}
{"internalName":"NewCamera_4","class":"CameraBookmark","persistentId":"9b119b8b-21db-42e3-8005-4adbe3d4423a","__parent":"CameraBookmarks","position":[198.465179,-81.9578705,20.0557785],"dataBlock":"CameraBookmarkMarker","rotationMatrix":[-0.0990666151,0.995080709,2.98023224e-08,-0.972620964,-0.0968306065,-0.211263299,-0.210224047,-0.020929195,0.977429211]}
{"internalName":"NewCamera_1","class":"CameraBookmark","persistentId":"9fb2b519-209f-4f4d-abff-c3ab0312c079","__parent":"CameraBookmarks","position":[-150.022629,297.040253,31.1714191],"dataBlock":"CameraBookmarkMarker","rotationMatrix":[0.919004738,0.394246459,-2.79396772e-08,-0.392411888,0.914728284,-0.0963591263,-0.0379892215,0.088554509,0.995346606]}
{"internalName":"NewCamera_2","class":"CameraBookmark","persistentId":"f43c3ece-5f2d-41f8-ad67-e5f68d80aff4","__parent":"CameraBookmarks","position":[-495.162933,347.846283,28.9728527],"dataBlock":"CameraBookmarkMarker","rotationMatrix":[-0.858013272,-0.513626814,-1.16415322e-10,0.513621211,-0.858003974,-0.00468263216,0.00240512565,-0.00401776191,0.999989033]}
