{"class":"TSStatic","persistentId":"7f36f872-9e86-458a-9a04-958d25ea3ab5","__parent":"TSOs","isRenderEnabled":false,"shapeName":"/levels/RoadAtlanta/art/TSOs/bridge03.DAE"}
{"class":"TSStatic","persistentId":"dfaa2466-25f3-4150-a7b3-6f106e0e20c8","__parent":"TSOs","isRenderEnabled":false,"shapeName":"/levels/RoadAtlanta/art/TSOs/bridge02.DAE"}
{"class":"TSStatic","persistentId":"2b28bc14-fb89-47bd-9b94-efc039c3345a","__parent":"TSOs","position":[-0.342743009,-1.24799001,0.215060994],"isRenderEnabled":false,"shapeName":"/levels/RoadAtlanta/art/TSOs/flagstand.DAE"}
{"class":"TSStatic","persistentId":"56ab1e1f-df2a-492c-a7b1-a42281bbb587","__parent":"TSOs","isRenderEnabled":false,"shapeName":"/levels/RoadAtlanta/art/TSOs/starttower.DAE"}
{"class":"TSStatic","persistentId":"a13abcb4-3b60-493f-9454-8eba95a5e7bc","__parent":"TSOs","position":[315.675476,631.633545,1.41442919],"isRenderEnabled":false,"rotationMatrix":[0.823360205,-0.567519486,0,0.567519486,0.823360205,0,0,0,1],"scale":[0.800000012,0.661230028,0.800000012],"shapeName":"/levels/RoadAtlanta/art/TSOs/free/grandstand.dae"}
{"class":"TSStatic","persistentId":"eac4871c-c422-407c-824f-52e48614c1c7","__parent":"TSOs","position":[-183.559311,-576.812927,14.8666801],"collisionType":"Visible Mesh Final","isRenderEnabled":false,"rotationMatrix":[-0.00342495833,-0.999993443,0,0.999993443,-0.00342495833,0,0,0,1],"scale":[1,1.24902225,1],"shapeName":"/levels/RoadAtlanta/art/TSOs/free/building01.dae"}
{"class":"TSStatic","persistentId":"4d85581f-1bef-43d0-bb36-d37ca1eba539","__parent":"TSOs","collisionType":"Visible Mesh Final","isRenderEnabled":false,"shapeName":"/levels/RoadAtlanta/art/TSOs/Paddock_buildings.DAE"}
{"class":"TSStatic","persistentId":"c7e10434-a5e6-4d1f-a818-58cd29d23b6f","__parent":"TSOs","isRenderEnabled":false,"shapeName":"/levels/RoadAtlanta/art/TSOs/Paddock_signs.DAE"}
{"class":"TSStatic","persistentId":"595ada3f-270f-4268-a4b0-c6ebdaf19000","__parent":"TSOs","collisionType":"Visible Mesh Final","isRenderEnabled":false,"shapeName":"/levels/RoadAtlanta/art/TSOs/Signs.DAE"}
{"class":"TSStatic","persistentId":"8ff47c61-9785-4668-9465-49671a1986a2","__parent":"TSOs","isRenderEnabled":false,"mARKERBK":"MARKERBK_mat","shapeName":"/levels/RoadAtlanta/art/TSOs/Brake_markers.DAE"}
{"class":"TSStatic","persistentId":"a0e9916f-981a-4ce1-bc2c-06c5076df5e4","__parent":"TSOs","collisionType":"Visible Mesh Final","isRenderEnabled":false,"shapeName":"/levels/RoadAtlanta/art/TSOs/garages2.DAE"}
{"class":"TSStatic","persistentId":"0fd12238-c046-42de-b8a8-fefd881fb6b6","__parent":"TSOs","isRenderEnabled":false,"shapeName":"/levels/RoadAtlanta/art/TSOs/Brake_markers2.DAE"}
{"class":"TSStatic","persistentId":"ba831270-2202-4734-b930-096d21164692","__parent":"TSOs","isRenderEnabled":false,"shapeName":"/levels/RoadAtlanta/art/TSOs/Signs_walls.DAE"}
{"name":"free","class":"SimGroup","persistentId":"221cc6ee-7135-400f-abd6-90e276638c5d","__parent":"TSOs"}
{"name":"Pit_tents","class":"SimGroup","persistentId":"60de7673-51ba-4b0c-8d21-15dc63337bf0","__parent":"TSOs"}
{"name":"toptsos","class":"SimGroup","persistentId":"9ebc3939-3adf-4738-bebb-e476d3addcf1","__parent":"TSOs"}
{"class":"TSStatic","persistentId":"5fbbd2a6-4ad2-41f5-8646-9c5bd09d30bc","__parent":"TSOs","position":[-146.174591,-200.499588,18.4760647],"isRenderEnabled":false,"rotationMatrix":[0.98402077,0.166854724,-0.0621662661,-0.159522384,0.98121047,0.108524099,0.0791060552,-0.0968729705,0.992148459],"shapeName":"/levels/RoadAtlanta/art/TSOs/free/Tentw.dae"}
{"class":"TSStatic","persistentId":"8cb5cd0b-316f-4b66-809c-20ed2236d071","__parent":"TSOs","position":[-148.063339,-209.271637,17.6798306],"isRenderEnabled":false,"rotationMatrix":[0.92643863,-0.368070453,-0.0789618641,0.370772362,0.928456128,0.0222953111,0.0651063621,-0.0499321185,0.996628165],"shapeName":"/levels/RoadAtlanta/art/TSOs/free/Tentr2.DAE"}
{"class":"TSStatic","persistentId":"768f26f8-52c5-441b-ab03-fbb261b6a6f1","__parent":"TSOs","position":[-151.953537,-190.43071,19.3980713],"isRenderEnabled":false,"rotationMatrix":[0.8386603,0.543727815,-0.0317605138,-0.541440248,0.83861798,0.0596823096,0.0590858944,-0.0328567699,0.997711658],"shapeName":"/levels/RoadAtlanta/art/TSOs/free/Tentblk.DAE"}
{"class":"TSStatic","persistentId":"90ea066a-b7b2-4013-8449-fd5df6a79d31","__parent":"TSOs","position":[-157.323669,-203.328232,18.9485226],"isRenderEnabled":false,"rotationMatrix":[-0.723703921,-0.688833237,-0.041973833,0.689675033,-0.724069178,-0.00852151122,-0.0245220531,-0.0351153538,0.999082267],"shapeName":"/levels/RoadAtlanta/art/TSOs/free/RV_Trailerp.dae"}
{"class":"TSStatic","persistentId":"3ae5e1ec-d743-4d69-b4cc-2cc59bebc21e","__parent":"TSOs","isRenderEnabled":false,"shapeName":"/levels/RoadAtlanta/art/TSOs/Tunnel01.DAE"}
{"class":"TSStatic","persistentId":"86faca2c-a92f-4d2b-8e8d-9ce8b871195a","__parent":"TSOs","position":[166.009995,667.078003,0.0900000036],"isRenderEnabled":false,"rotationMatrix":[-0.843391299,0.537299752,0,-0.537299752,-0.843391299,0,0,0,1],"shapeName":"/levels/RoadAtlanta/art/TSOs/free/Bridge01a.DAE"}
{"class":"TSStatic","persistentId":"8f033b4e-0713-47e8-93c7-a2bceefbd3f8","__parent":"TSOs","position":[65.1244583,804.919189,12.9461584],"isRenderEnabled":false,"rotationMatrix":[0.0229181889,0.999737501,0,-0.999737501,0.0229181889,0,0,0,1],"shapeName":"/levels/RoadAtlanta/art/TSOs/free/chopper1.DAE"}
{"class":"TSStatic","persistentId":"6ca7b98e-d185-4d77-8efa-022e6fb00958","__parent":"TSOs","position":[-116.141068,53.5595093,4.10776806],"isRenderEnabled":false,"shapeName":"/levels/RoadAtlanta/art/TSOs/free/building01.dae"}
{"class":"TSStatic","persistentId":"9db26f9f-4d9d-448b-a15d-eb3af3f863fb","__parent":"TSOs","position":[-101.524284,122.003067,7.21714354],"isRenderEnabled":false,"rotationMatrix":[0.0145561462,0.999894202,0,-0.999894202,0.0145561462,0,0,0,1],"shapeName":"/levels/RoadAtlanta/art/TSOs/free/building01.dae"}
{"class":"TSStatic","persistentId":"2b1ad624-6477-496a-b3a8-79d38fb7bc65","__parent":"TSOs","position":[424.735504,451.113525,-4.83722687],"isRenderEnabled":false,"rotationMatrix":[0.991942465,0.124724925,-0.022232404,-0.124584965,0.992180407,0.00753667252,0.022998441,-0.0047060959,0.999725878],"shapeName":"/levels/roadatlanta/art/TSOs/ryvylo/typeH.dae"}
{"class":"TSStatic","persistentId":"be62c2c0-8027-45ec-8168-eaa035cf5c23","__parent":"TSOs","isRenderEnabled":false,"shapeName":"/levels/roadatlanta/art/TSOs/Power_poles01.DAE"}
